Pathway	New pathway name	Norm_GSM300177	Norm_GSM300181	Norm_GSM300189	Norm_GSM300192	Norm_GSM300196	Norm_GSM300204	Norm_GSM300214	Norm_GSM300222	Norm_GSM300234	Norm_GSM300238	Norm_GSM300242	Norm_GSM300248	Norm_GSM300267	Norm_GSM300285	Norm_GSM300324	Norm_GSM300328	Norm_GSM300332	Norm_GSM300338	Tumour_GSM1176196	Tumour_GSM1176197	Tumour_GSM1176198	Tumour_GSM1176199	Tumour_GSM1176200	Tumour_GSM1176201	Tumour_GSM1176202	Tumour_GSM1176203	Tumour_GSM1176204	Tumour_GSM1176205	Tumour_GSM1176206	Tumour_GSM1176207	Tumour_GSM1176208	Tumour_GSM1176209	Tumour_GSM1176210	p-value_Mean	q-value_Mean	Difference	|Difference|
ERK_Signaling_Pathway	ERK Signaling Main Pathway	-2.850314111	3.333041584	-2.666228216	-0.907311299	2.207300894	-2.325841996	-1.064589803	2.530664885	1.18771006	0.1163058	-18.20014329	13.36009142	8.974280251	-3.732636208	-1.721683607	4.154788734	0.506441501	-3.182476863	12.09400794	3.333041584	16.44163598	6.032529958	11.09869755	15.25418803	29.25842769	3.97714936	22.38373477	-1.160650848	12.49797581	14.13278084	16.74746269	1.565032897	11.94505542	0.000136536	0.002536902	11.72232688	11.72232688
AKT_Pathway	AKT Main Pathway	-0.693795416	2.306668043	2.321344901	-0.498208989	9.015868579	-2.338188237	1.193201691	5.647664323	2.243466603	1.833655751	-21.85092888	10.59740956	3.201414215	-7.644569614	-4.469035528	1.398805597	-0.24298748	-7.397985121	14.43257414	2.306668043	17.69505399	7.985444908	15.12920328	14.72210011	24.40363341	10.60218244	23.04523841	-0.15640021	15.57565363	15.26969599	16.86916154	1.29281276	15.18148716	8.75164E-05	0.002536902	13.25564509	13.25564509
Glucocorticoid_Receptor_Pathway	Glucocorticoid Receptor Main Pathway	1.545286787	0.592436175	2.373632134	0.944707527	6.730096078	-0.909825921	0.076267687	1.656777061	1.750323606	-1.581397228	-6.943646131	1.35641728	1.438768412	-3.738335707	-1.931416081	0.105503016	0.652431853	-4.4613712	4.837801938	0.592436175	6.813573414	3.572185777	5.614546254	3.946005276	9.204194512	5.570965591	9.976593601	-0.404535727	4.734372435	3.610795877	8.80612749	1.567279193	6.898646644	0.000210645	0.002536902	5.041807266	5.041807266
Glucocorticoid_Receptor_Pathway_Inflammatory_Cytokines	Glucocorticoid Receptor Pathway (Inflammatory cytokines)	0.489410288	1.148576281	2.373632134	1.426483872	4.745971009	-0.909825921	-0.416671613	1.163837761	0.812702285	-1.478431815	-4.250962786	1.416914166	1.860163428	-4.264082514	-1.931416081	0.105503016	0.652431853	-3.914076629	4.127329742	1.148576281	5.469181658	3.709404166	3.60684455	2.781209356	7.743716616	5.078026291	6.660013926	-0.404535727	3.51501938	2.872205067	5.950951112	0.590627026	5.188630548	0.000210645	0.002536902	3.923026737	3.923026737
HGF_Pathway_Cell_adhesion.ell_mirgation	HGF Pathway (Cell adhesion_ cell mirgation)	0	0.44570282	0.440909554	-1.62478869	1.145895246	0.029582961	0.440909554	1.933555931	1.131499717	1.123321589	-4.90100765	1.473351805	0	-0.648327071	-0.648327071	0.327895441	-0.692332486	-1.596279178	3.428581714	0.44570282	2.895711145	1.29737399	2.077728251	3.180622882	4.491394109	2.12731388	4.354612391	0.440909554	2.492333792	2.826268788	3.636412952	-0.004464075	1.761523499	0.000101628	0.002536902	2.453381576	2.453381576
ILK_Pathway_Apoptosis	ILK Pathway (Apoptosis)	-0.620318505	3.569919737	0.120912073	-2.036193797	-1.714344232	-0.570789761	0.71679689	-0.287987485	1.131499717	0.083507951	-8.048338277	9.223874649	2.147895583	-0.822042618	-0.893218106	1.420264555	-1.450937346	-2.336932713	9.849871642	3.569919737	7.303533182	3.906341826	4.936862089	7.73733436	14.25476706	2.655180173	10.15082304	-0.652525993	5.940454898	7.040828152	7.463091622	-0.499000608	3.423518921	0.000210645	0.002536902	5.825757322	5.825757322
ILK_Pathway_Cell_adhesion_cell_motility.opsonization	ILK Pathway (Cell adhesion_ cell motility_ opsonization)	-0.620318505	3.569919737	0.120912073	-2.036193797	-1.714344232	-0.570789761	0.71679689	-0.287987485	1.131499717	-0.350770507	-8.048338277	9.223874649	2.147895583	-0.822042618	-0.893218106	1.420264555	-1.450937346	-2.336932713	9.849871642	3.569919737	7.303533182	3.906341826	4.936862089	7.73733436	14.25476706	2.655180173	10.15082304	-0.652525993	5.940454898	7.040828152	7.463091622	-0.499000608	3.423518921	0.000210645	0.002536902	5.849883903	5.849883903
ILK_Pathway_Cell_cycle_proliferation	ILK Pathway (Cell cycle proliferation)	-0.620318505	3.569919737	0.120912073	-2.036193797	-1.714344232	-0.570789761	0.71679689	-0.287987485	1.131499717	-0.350770507	-8.048338277	9.223874649	2.147895583	-0.822042618	-0.893218106	1.420264555	-1.450937346	-2.336932713	9.849871642	3.569919737	7.303533182	3.906341826	4.936862089	7.73733436	14.25476706	2.655180173	10.15082304	-0.652525993	5.940454898	7.040828152	7.463091622	-0.499000608	3.423518921	0.000210645	0.002536902	5.849883903	5.849883903
ILK_Pathway_Cell_Migration.Retraction	ILK Pathway (Cell migration_ retraction)	-0.620318505	3.569919737	0.120912073	-2.036193797	-1.714344232	-0.570789761	0.71679689	-0.287987485	1.131499717	-0.350770507	-8.048338277	9.223874649	2.147895583	-0.822042618	-0.893218106	1.420264555	-1.450937346	-2.336932713	9.849871642	3.569919737	7.303533182	3.906341826	4.936862089	7.73733436	14.25476706	2.655180173	10.15082304	-0.652525993	5.940454898	7.040828152	7.463091622	-0.499000608	3.423518921	0.000210645	0.002536902	5.849883903	5.849883903
ILK_Pathway_Cell_Motility	ILK Pathway (Cell motility)	-0.620318505	3.569919737	-1.50764693	-2.036193797	-1.698422707	-0.570789761	0.71679689	0.610284266	1.131499717	0.189027676	-6.680742193	7.343286798	0.680749656	-0.386077771	-0.893218106	1.420264555	-2.095137115	-1.621301887	7.198944871	3.569919737	5.934282124	3.870377367	3.879621663	7.73733436	11.50230417	2.655180173	8.165030743	-0.652525993	4.557599184	6.456189888	6.025285097	-0.499000608	2.174604875	0.000210645	0.002536902	4.974344258	4.974344258
ILK_Pathway_G2_phase_arrest	ILK Pathway (G2-phase arrest)	-0.620318505	3.569919737	0.120912073	-2.036193797	-1.714344232	-0.570789761	0.71679689	-0.287987485	1.131499717	-0.350770507	-8.048338277	9.223874649	2.147895583	-0.822042618	-0.893218106	1.420264555	-1.450937346	-2.336932713	9.849871642	3.569919737	7.303533182	3.906341826	4.936862089	7.73733436	14.25476706	2.655180173	10.15082304	-0.652525993	5.940454898	7.040828152	7.463091622	-0.499000608	3.423518921	0.000210645	0.002536902	5.849883903	5.849883903
ILK_Pathway_Regulation_of_intermediate_filaments	ILK Pathway (Regulation of intermediate filaments)	-0.620318505	3.569919737	0.120912073	-2.036193797	-1.714344232	-0.570789761	0.71679689	-0.287987485	1.131499717	-0.350770507	-8.048338277	9.223874649	2.147895583	-0.822042618	-0.893218106	1.420264555	-1.450937346	-2.336932713	9.849871642	3.569919737	7.303533182	3.906341826	4.936862089	7.73733436	14.25476706	2.655180173	10.15082304	-0.652525993	5.940454898	7.040828152	7.463091622	-0.499000608	3.423518921	0.000210645	0.002536902	5.849883903	5.849883903
ILK_Pathway_Regulation_of_junction_assembly_of_desmosomes	ILK Pathway (Regulation of junction assembly of desmosomes)	-0.620318505	3.569919737	0.120912073	-2.036193797	-1.714344232	-0.570789761	0.71679689	-0.287987485	1.131499717	-0.350770507	-8.048338277	9.223874649	2.147895583	-0.822042618	-0.893218106	1.420264555	-1.450937346	-2.336932713	9.849871642	3.569919737	7.303533182	3.906341826	4.936862089	7.73733436	14.25476706	2.655180173	10.15082304	-0.652525993	5.940454898	7.040828152	7.463091622	-0.499000608	3.423518921	0.000210645	0.002536902	5.849883903	5.849883903
Integrin_Signaling_Pathway	Integrin SIgnaling Main Pathway	-0.620318505	3.569919737	-1.919909156	-1.324550694	-1.096663542	-1.034206941	0.787463036	0.808123611	1.131499717	0.189027676	-9.428514218	10.15362098	1.83460769	-0.802616167	-1.439116761	1.420264555	-1.574310266	-1.051294159	8.223891803	3.569919737	8.224775472	3.763708284	4.232343196	10.44547167	15.26659211	2.655180173	11.08244649	-0.652525993	6.925060455	6.823283027	6.905225092	0.116801486	3.779059657	0.000117869	0.002536902	6.112802922	6.112802922
Integrin_Signaling_Pathway_Cell_survival	Integrin SIgnaling Pathway (Cell survival)	0	0.44570282	1.050517309	-1.62478869	0.716860423	0.029582961	0.934596122	1.933555931	1.131499717	1.123321589	-7.990872797	3.45897848	2.001421548	-1.064865466	-1.194225726	0.327895441	-0.692332486	-2.012817574	4.844328169	0.44570282	5.982878024	2.761874334	3.788809679	5.130221156	7.646240753	2.12731388	6.079113763	0.440909554	4.812078954	4.176231241	3.636412952	-0.004464075	3.606619009	0.000182525	0.002536902	3.777505259	3.777505259
JNK_Pathway	JNK Main Pathway	0.037088937	-0.004196823	0.085166886	1.259611426	5.507415952	-0.733056319	-1.208629064	1.916104255	0.847557479	-0.543740056	-9.402446021	-1.37364781	2.512830425	-3.957684995	-2.004709018	0.617561808	0.460747661	-2.336977748	0.08126308	-0.004196823	9.879519564	2.712759879	7.243091737	8.951045195	12.21206743	4.011882755	9.906137914	0.130534612	6.463258076	5.18202231	5.349205707	1.888570807	11.11413861	0.000182525	0.002536902	6.137031336	6.137031336
MAPK_Family_Pathway	MAPK Family Main Pathway	0.489410288	0.592436175	2.003826842	0.655089855	6.374108628	-1.4499032	-0.839692035	1.70888913	1.348439925	-0.430417571	-10.65411924	5.065469215	2.149080694	-4.754397602	-1.999030403	1.715288688	0.600075816	-4.07152438	5.498341302	0.592436175	10.66283293	3.910980914	6.913617017	9.229911504	13.22677593	4.619515221	13.27356519	-0.912660581	7.356184569	6.701236609	10.41063695	2.296346242	8.148124934	0.000136536	0.002536902	6.878354614	6.878354614
MAPK_Signaling_Pathway	MAPK Signaling Main Pathway	-1.072639856	2.02821944	-3.730186686	-2.257678419	0.21665996	-2.031972923	0.342624149	1.150478155	0.72773946	0.629401633	-15.88918318	10.85901032	5.24710134	-1.043309411	-1.374682228	2.605682105	-1.518362006	-2.617463596	7.604851068	2.02821944	15.64280062	2.960495002	11.65145655	15.54173596	22.89278676	2.205654887	18.10458627	-1.160650848	11.56437176	9.161811927	11.64415533	0.207649201	9.899930102	0.000182525	0.002536902	9.75935481	9.75935481
p38_m_Signaling_Pathway	p38 (Negative) Main Signaling Pathway	-0.250713906	0.650036294	-3.579026217	0.644803356	10.09773165	-2.279456532	0.207205341	4.928595964	0.62479034	1.267002377	-17.52910735	8.746256397	4.701262434	-7.150708172	-3.727198369	1.070910156	-1.113235994	-5.296514031	5.121732521	0.650036294	13.94123379	4.550615297	11.73098218	12.74064136	18.1928842	7.377639057	18.33645894	-0.404535727	12.73561843	10.07204881	12.22188335	1.297276834	12.92652817	0.000157963	0.002536902	9.876478805	9.876478805
p38_p_Signaling_Pathway	p38 (Positive) Main Signaling Pathway	-0.250713906	0.650036294	-3.579026217	0.644803356	10.09773165	-2.279456532	0.207205341	4.928595964	0.62479034	1.267002377	-17.52910735	8.746256397	4.701262434	-7.150708172	-3.727198369	1.070910156	-1.113235994	-5.296514031	5.121732521	0.650036294	13.94123379	4.550615297	11.73098218	12.74064136	18.1928842	7.377639057	18.33645894	-0.404535727	12.73561843	10.07204881	12.22188335	1.297276834	12.92652817	0.000157963	0.002536902	9.876478805	9.876478805
PAK_Pathway	PAK Main Pathway	-1.206992483	1.159775172	-1.053123024	-0.06453695	0.693903279	-1.528107492	-0.067983389	2.081912175	1.044269335	-1.427707625	-9.437953526	5.830180544	5.572167981	-3.03841314	-1.040229288	1.613529067	0.151876986	-2.444181798	7.250988043	1.159775172	9.917060449	5.541003284	5.193027697	6.773223005	12.65077036	5.858694015	10.96439199	0.705891736	6.79429752	8.03850184	9.492917113	-0.482808552	8.093149031	6.46571E-05	0.002536902	6.705704079	6.705704079
PAK_Pathway_Actin_Cytoskeleton	PAK Pathway (Actin Cytoskeleton)	-1.206992483	1.715915277	0.399108088	0.38681443	2.009951796	-0.909825921	-0.114459918	1.891386138	1.044269335	-0.938633631	-5.816364867	1.046566091	2.938587376	-2.774284864	-1.167945076	0.58858158	0.285606938	-3.017620881	3.922827389	1.715915277	3.330034927	3.382370853	2.728792749	3.336521829	6.091123904	3.809407062	6.535211737	0	2.962115448	3.625205442	6.1697661	0.590627026	3.197633725	3.47675E-05	0.002536902	3.628689153	3.628689153
TGF_beta_Pathway	TGF beta Main Pathway	-0.017019634	0.592436175	1.957550516	0.036333085	7.39622428	-0.909825921	-0.370195083	1.163837761	0.812702285	-1.478431815	-9.944964513	4.697407279	4.636776861	-5.111455077	-2.477314736	0.105503016	0.652431853	-3.90116297	7.414003866	0.592436175	10.41715875	5.003122604	8.663836882	6.086507838	14.11506028	4.623137988	12.5315274	-0.404535727	6.266240953	5.689858267	10.156744	0.68147474	9.506683675	0.000210645	0.002536902	6.876170881	6.876170881
ILK_Pathway	ILK Main Pathway	-1.51139713	1.966524007	-2.391413223	-1.548722123	-0.241105772	-1.620332164	-0.20635985	-0.675339391	0.238352976	1.282286286	-11.1842495	7.695409723	2.787616078	-0.480489096	-0.828783572	1.932323346	-0.371374229	-2.35105465	6.972548803	1.966524007	9.613396127	3.596471672	8.989662142	10.61630324	16.42846111	0.690695942	10.57890842	-1.184062574	6.758959492	8.765655342	7.069953807	-0.408152894	6.339772334	0.000242797	0.002586723	6.870123592	6.870123592
ILK_Pathway_Cytoskeletal_reorganization	ILK Pathway (Cytoskeletal reorganization)	-0.620318505	3.569919737	-1.101001938	-2.036193797	-1.163000414	-0.570789761	0.71679689	0.201523652	1.131499717	0.189027676	-8.262239415	8.962027268	1.563776274	-0.386077771	-0.893218106	1.420264555	-2.095137115	-2.368582539	8.864374283	3.569919737	6.598442424	3.874299635	4.57157929	7.73733436	13.43124127	2.655180173	9.491858803	-0.652525993	5.633165087	6.996275675	6.620761245	-0.499000608	2.464264105	0.000242797	0.002586723	5.520573721	5.520573721
ILK_Pathway_Wound_Healing	ILK Pathway (Wound healing)	-0.620318505	3.569919737	0.120912073	-2.036193797	-1.714344232	-0.570789761	0.71679689	-0.287987485	1.131499717	0.318984177	-9.015146204	9.223874649	3.125522543	-1.375786386	-0.893218106	1.420264555	-1.450937346	-2.336932713	9.849871642	3.569919737	7.830706859	4.696579874	4.936862089	8.614762105	15.6217533	2.655180173	10.96320787	-0.652525993	6.441082443	7.040828152	8.292126385	-0.499000608	3.423518921	0.000242797	0.002586723	6.223095985	6.223095985
cAMP_Pathway_Glycolysis	cAMP Pathway (Glycolysis)	0	0.493990459	0	2.047342113	-1.498328303	0	0.496914018	0.40941222	0	-1.353768502	-2.463165996	1.748833559	0.498766172	-0.255877886	0	-0.699111773	0	-1.323478735	3.288010277	0.493990459	2.636513551	0.479253297	1.744716801	2.598122581	4.242442174	0.482831728	4.254535786	-0.69115105	0.944721339	2.481609719	0.86305211	1.513636844	2.290545112	0.000321377	0.003179335	1.946992752	1.946992752
PPAR_Pathway	PPAR Main Pathway	0	-0.39970623	-0.950366391	-2.091352552	1.468573491	0.029582961	0.235967544	1.975626962	0.912191991	1.123321589	-4.580966041	0.758166708	-0.395035725	-0.231788675	-0.102428416	0.327895441	-0.692332486	-1.15986762	2.97269287	-0.39970623	3.573675003	0.374031522	2.710529734	3.648026591	4.386885733	1.719927466	4.983707434	0.440909554	2.777135931	3.384674183	4.720315772	0.040959783	0.718074278	0.000321377	0.003179335	2.613040278	2.613040278
Interferon_Pathway_Gene_Expression	Interferon Pathway (Gene expression)	0	-0.567338997	-0.474461596	0	0.889969979	0	-0.492165217	-0.542197102	-0.487176546	0	1.32211444	0	0	0	0	0	0	0	-1.202467914	-0.567338997	-0.70251415	-0.462097316	-0.557291973	-0.515314237	-0.667564239	-0.407386414	-1.137379017	0	-0.550651158	-0.543055445	-0.603642421	0	-0.617928549	0.000369058	0.003297714	-0.549461287	0.549461287
MAPK_Family_Pathway_Cytoskeleton	MAPK Family Pathway (Cytoskeleton)	0	-0.567338997	-0.474461596	0	0.889969979	0	-0.492165217	-0.542197102	-0.487176546	0	1.32211444	0	0	0	0	0	0	0	-1.202467914	-0.567338997	-0.70251415	-0.462097316	-0.557291973	-0.515314237	-0.667564239	-0.407386414	-1.137379017	0	-0.550651158	-0.543055445	-0.603642421	0	-0.617928549	0.000369058	0.003297714	-0.549461287	0.549461287
STAT3_Pathway	STAT3 Main Pathway	-0.622239651	0.878646795	-0.433813934	0.274739332	6.493311515	-0.709706217	-0.88126588	3.63307462	0.161070672	0.687106631	-7.824086199	5.488084743	1.432933428	-6.05282064	-2.94962903	1.208632153	-0.003170571	-3.793951586	4.588224095	0.878646795	6.25933856	4.144384694	4.694304922	5.530558199	10.3557944	4.432209341	9.684381241	0.130534612	6.977493181	6.337987392	4.638481447	0.590627026	5.070279702	0.000369058	0.003297714	5.121609919	5.121609919
IL_6_Pathway	IL-6 Main Pathway	-2.030839579	1.715915277	1.195368166	0.698394234	0.520722762	-0.909825921	-0.186776119	0.993114387	-0.407509324	-0.989827284	-4.892921236	3.83177038	5.078304513	-2.838177704	-0.879114496	1.238362367	1.380603738	-1.880144093	4.7798137	1.715915277	3.300081549	3.213810781	2.199140354	2.050557739	9.505806153	1.828968052	6.92295623	-0.404535727	3.079665672	3.863777791	2.953116786	0.590627026	4.055953184	0.000423291	0.003664114	3.21940919	3.21940919
AHR_Pathway_AHR_Degradation	AHR Pathway (AHR Degradation) 	0.406079941	0.638219264	0.409371413	-0.573295862	-1.252188658	-0.129647818	0.421328112	0	0.481274357	0.470938023	-0.893124495	0.076271745	1.522419159	-1.401317393	-0.646154166	0.513497538	-0.401404614	-0.755899067	2.337636727	0.638219264	0.971571152	0.971571152	0.59655262	1.439844398	1.818977977	1.018279295	1.541129172	-0.430139017	2.197737613	1.572056112	2.022552329	0.481274357	-0.773127312	0.000453117	0.00369157	1.15547753	1.15547753
cAMP_Pathway_Degradation_of_Cell_Cycle_Regulators	cAMP Pathway (Degradation of Cell Cycle Regulators)	0.494596908	0.494596908	0.494596908	0.432367045	0.744911531	0.494596908	0.494596908	0.494596908	0.494596908	-0.481436558	-0.78665629	-0.538588468	-0.480497931	-0.481436558	-0.481436558	-0.481436558	-0.481436558	-0.481436558	0.726371577	0.494596908	1.178114091	0.494596908	1.189449211	0.494596908	1.244913869	0.524132359	0.955985412	0.494596908	0.494596908	0.494596908	1.104826011	0.494596908	0.494596908	0.000453117	0.00369157	0.72842147	0.72842147
Caspase_Cascade	Caspase Cascade Main	-0.570681772	-0.902490867	-1.216662334	0.577306174	-1.510883903	1.694831292	-2.051521967	-1.696227537	-0.53573764	0.559989431	12.75434246	-8.088266368	-2.307911846	0.240478242	0.125851506	0.28716629	-0.575056562	3.984442398	-7.458277241	-0.902490867	-13.00150483	-4.007956352	-9.872969301	-7.675040067	-12.79231412	-2.456455339	-11.43573401	0.508124855	-10.7507479	-5.407595858	-9.224704142	0.368007909	-6.893539105	0.000484895	0.003837597	-6.776266813	6.776266813
HGF_Pathway	HGF Main Pathway	0	0.44570282	-0.781004458	-1.62478869	2.497205971	0.029582961	0.440909554	1.95759055	1.131499717	1.663119772	-5.258772576	1.957375594	0.396271298	-0.62890062	-1.194225726	0.327895441	-1.336532255	-1.297186747	1.720263054	0.44570282	2.72918326	0.721865297	1.351540329	4.015405505	5.126706662	2.12731388	3.898117905	0.440909554	2.338416707	2.265306387	2.794082575	-0.004464075	2.211166648	0.000518742	0.003991429	2.216226511	2.216226511
cAMP_Pathway_Myocardial_Contraction	cAMP Pathway (Myocardial Contraction)	0.476745865	-2.329629354	-4.199626767	2.181076816	1.91459929	1.955912176	-1.736651256	1.099240494	0.687334099	1.011137921	5.51718795	-5.638048892	-1.292459685	0.216026251	0	0.960525049	-0.785175677	2.454144403	-9.731212932	-2.329629354	-5.983052838	-5.122339645	-6.259083826	-1.966148153	-7.91600961	-2.936346576	-4.744863931	0.57597455	-4.114137461	-2.860762193	-7.634425323	1.712844042	-1.531963216	0.00055478	0.004044055	-4.194540358	4.194540358
Cellular_Anti_Apoptosis_Pathway	Cellular Anti Apoptosis Main Pathway	0	-0.556140105	-0.655570799	-0.933127725	-0.066752488	-0.54007728	1.006082813	0	0.53573764	0	-7.644258742	3.287861113	2.518092194	-0.448877207	0	0.673358759	0.591843733	-1.530685551	4.637107926	-0.556140105	8.618273939	1.123420313	7.194716758	5.034144509	8.595142084	0.456373835	7.124818799	-0.508124855	6.85710836	6.103081092	8.098790814	0.090847715	5.102680247	0.00055478	0.004044055	4.740511298	4.740511298
cAMP_Pathway_Axonal_Growth	cAMP Pathway (Axonal Growth)	0	0.665378192	0	-0.633640186	-0.82237129	0	0	0	0	0	-1.083938893	0	1.004329105	0.500374306	0.639281327	0	0	0	0.665604294	0.665378192	1.811560174	0.949204118	0.681422279	0.527746195	1.617004361	0.4509629	1.286748435	0	0	1.102681354	1.01992872	0	1.652144745	0.00059314	0.004212812	0.81372502	0.81372502
Androgen_receptor_Pathway_AR_Degradation	Androgen Receptor Pathway (Degradation)	0.44308151	-0.638219264	-1.392133558	0	-0.379513789	1.77409118	-0.421328112	0.584268133	0	-1.23603292	4.104417753	-2.55163172	-2.45422355	1.381669846	0.646154166	-0.998269945	0.401404614	1.681030149	-4.176289581	-0.638219264	-1.968403764	-1.464027455	-2.813400448	-2.19639397	-4.848186702	-2.093319063	-2.973518714	1.748162518	-3.132845625	-3.112989718	-3.195451598	0	-2.408593568	0.000633956	0.004390147	-2.270718713	2.270718713
JAK_mStat_Pathway	JAK mStat Main Pathway	0	0	0.547180601	0	-0.035476612	0	0.497163368	0	0	0	-1.058825515	1.360146621	0.828881879	-0.665950454	-0.946433827	0	-0.494169293	-0.991558097	1.669966812	0	0.620466101	0.405861836	1.672247178	0.817993905	2.985131238	0.531789366	1.674708227	0	1.846937194	0.135004596	0.548910362	0	1.498892459	0.000677373	0.004467439	1.013807359	1.013807359
mTOR_Pathway_Actin_organization	mTOR Pathway (Actin organization)	0	0	0	0	0	0	0.431636399	0	0	0	-1.01169585	1.088924944	0	0	0	0	0	-0.588639143	0.740973292	0	1.933559872	0.524070521	1.394960015	1.201410547	1.044171974	0	1.296716995	0	1.431686726	0.639124813	1.991995989	0	0.504972736	0.000677373	0.004467439	0.851341435	0.851341435
GSK3_Pathway_Degradation	GSK3 Pathway (Degradation)	0	-0.638219264	-0.575836926	0	-1.364272946	1.236545462	-0.882818221	0	0	-1.23603292	2.730830259	-1.714653987	-1.364279835	1.381669846	0.646154166	-0.998269945	0.401404614	1.173051177	-2.622275226	-0.638219264	-0.490296796	-1.570000179	-1.782552426	-1.751279638	-3.730002645	-1.480068264	-2.725553809	1.150583746	-1.795299409	-1.579027786	-2.161744327	0	-1.706341941	0.000824772	0.005192317	-1.458542502	1.458542502
Wnt_Pathway_Ctnn.b_Degradation	Wnt Pathway (Ctnn-b Degradation)	0	0.638219264	0.575836926	0	1.364272946	-1.236545462	0.882818221	0	0	1.23603292	-2.730830259	1.714653987	1.364279835	-1.381669846	-0.646154166	0.998269945	-0.401404614	-1.173051177	2.622275226	0.638219264	0.490296796	1.570000179	1.782552426	1.751279638	3.730002645	1.480068264	2.725553809	-1.150583746	1.795299409	1.579027786	2.161744327	0	1.706341941	0.000824772	0.005192317	1.458542502	1.458542502
CD40_Pathway_Gene_Expression	CD40 Pathway (Gene Expression)	0	0.467921774	0.832298924	0	0.17086533	0	0	0	0	0	-1.42517627	1.239996702	0.74307661	-0.6005073	0	-0.451239428	-0.630190495	-0.459303125	0.802602559	0.467921774	1.808900646	0.568081005	1.65872963	0.435370837	1.518053116	0.618857128	1.551983963	0	1.279079334	0.408319447	0.537123815	0	0.566375689	0.000939013	0.005780144	0.820996445	0.820996445
Interferon_Pathway	Interferon Main Pathway	0	-0.567338997	-0.474461596	0	0.889969979	0	-0.492165217	-0.542197102	-0.487176546	0	0.794449022	0.476531028	0.559943747	0	0	0	0	0	-1.202467914	-0.567338997	-0.175916224	-0.462097316	-0.557291973	-0.515314237	-0.15145343	-0.407386414	-1.137379017	0	-0.550651158	-0.543055445	-0.603642421	0	-0.617928549	0.001067766	0.006161899	-0.508214557	0.508214557
IP3_Pathway_Gene_Expression	IP3 Pathway (Gene expression)	-0.4929393	0	-2.331645513	-0.420637078	-0.58636769	0	0.061280486	0.355520033	-1.088128747	1.384246921	1.024656149	-1.081689053	-1.17494496	0.49772923	0.512394843	0	-0.449153343	0.778839619	-3.172121487	0	-2.830651177	-2.03925276	-2.937366002	-1.272769938	-2.784721147	-1.089345197	-2.431544618	0.462795602	-1.223459932	-1.059364628	-2.825513339	0.339251666	-1.362291267	0.001067766	0.006161899	-1.447821481	1.447821481
z_mTOR_Pathway	Unknown	-1.424329506	-1.541700297	0.856989538	-0.933127725	-1.178084247	-1.549497828	-0.692373934	-1.397946679	-0.403760257	0.434278458	-6.896115414	3.40892834	4.58563658	0.048792686	-0.080567574	1.835062545	1.04435931	-1.688551912	4.490061828	-1.541700297	6.142879801	1.276500077	6.986515879	3.169256974	8.041992232	0.217233253	4.591442969	-1.105703627	5.694179353	4.950655609	5.130395856	0.090847715	4.144116382	0.001067766	0.006161899	3.794800929	3.794800929
Integrin_SIgnaling_Pathway_Focal_adhesion_and_stress_fibers	Integrin SIgnaling Pathway (Focal adhesion and stress fibers)	0	0	0	0	-1.22900173	-0.46341718	0.493686569	-0.498684923	0	0	-1.212088669	1.291730712	0.612595922	0	0	0	0.520826849	0	2.216839395	0	1.886974189	0.515363842	1.102664204	1.310821012	1.659937887	0	2.052267967	0	1.668497905	1.059967796	1.494060741	0	0.436197546	0.001138096	0.006433724	1.053814635	1.053814635
JAK_mStat_Pathway_JAK_degradation	JAK mStat Pathway (JAK degradation)	0	0.638219264	0	0	1.364272946	-1.236545462	0.421328112	0	0	1.23603292	-2.021438583	1.307318475	1.364279835	-1.381669846	-0.646154166	0.998269945	-0.401404614	-1.173051177	2.003069621	0.638219264	0.490296796	0.931348691	1.253325164	1.751279638	3.213114853	1.480068264	2.280807579	-1.150583746	1.795299409	1.579027786	1.666372552	0	1.271529147	0.001291771	0.007016087	1.254130687	1.254130687
p53_Signaling_m_Pathway_p53_Degradation	p53 Signaling (Negative) Pathway (p53 Degradation)	0	0.638219264	0	0	1.364272946	-1.236545462	0.421328112	0	0	1.23603292	-2.021438583	1.307318475	1.364279835	-1.381669846	-0.646154166	0.998269945	-0.401404614	-1.173051177	2.003069621	0.638219264	0.490296796	0.931348691	1.253325164	1.751279638	3.213114853	1.480068264	2.280807579	-1.150583746	1.795299409	1.579027786	1.666372552	0	1.271529147	0.001291771	0.007016087	1.254130687	1.254130687
TGF_beta_Pathway_Post_transcriptional_G1_arrest	TGF beta Pathway (Post-transcriptional G1 arrest)	0	-0.556140105	0.800144149	-0.933127725	3.537928648	0	0	0	0	0	-3.958153718	1.28436186	0.767312181	-0.430834168	0	0	0	-1.113844428	3.236372133	-0.556140105	3.33193423	0.695309649	3.403152985	2.503709446	4.293383095	0	5.019733916	0	1.868743884	1.673683795	4.736184337	0.090847715	1.977115353	0.001375591	0.007327669	2.185066101	2.185066101
RNA_Polymerase_II_Complex_Pathway	RNA Polymerase II Complex Pathway	0.562937198	0	-0.439633153	0	-0.595737028	0	0	0	0	0.461105874	0.454800986	-0.525131917	-0.891504643	0.525746807	0	0	0	0	-0.768861117	0	-0.641331378	-0.578748103	-1.125906855	-0.641686937	-1.092143487	0	-0.815373819	0	-0.835376714	-0.595933258	-0.690841606	0	-0.589927845	0.001464403	0.007511847	-0.533552304	0.533552304
Transcription_of_mRNA_Pathway	Transcription of mRNA Pathway	0.562937198	0	-0.439633153	0	-0.595737028	0	0	0	0	0.461105874	0.454800986	-0.525131917	-0.891504643	0.525746807	0	0	0	0	-0.768861117	0	-0.641331378	-0.578748103	-1.125906855	-0.641686937	-1.092143487	0	-0.815373819	0	-0.835376714	-0.595933258	-0.690841606	0	-0.589927845	0.001464403	0.007511847	-0.533552304	0.533552304
Mitochondrial_Apopotosis_m_Pathway	Mitochondrial Apopotosis  Main Pathway	0	0.556140105	-0.596822131	0.933127725	-1.932610417	0.54007728	-0.913129753	0	-0.53573764	0	6.909048502	-3.017860363	-1.292900351	0.448877207	0	-0.673358759	-0.591843733	3.243715943	-5.310534367	0.556140105	-6.840150684	-1.623192599	-6.396107207	-4.364951387	-7.12966584	0	-7.761231821	0.508124855	-4.81118103	-4.321528195	-9.413676727	-0.090847715	-3.689023572	0.001558473	0.007849037	-4.216784169	4.216784169
AKT_Pathway_NF_kB_Pathway	AKT Pathway (NF-kB Pathway)	0	0.643589932	0.832298924	0	0.511352445	0	0.484557979	0	0	0.434278458	-0.724001066	0.615199076	0	0	-0.513557237	0	0	-0.948120495	1.934648032	0.643589932	0.871119752	0.764824871	0.941082805	0.435370837	1.336690981	0.500853785	0.746506403	0	1.129878181	0.668473869	0.53977298	0	0	0.001658079	0.008057684	0.626654272	0.626654272
Ubiquitin_Proteasome_Pathway_Degraded_Protein	Ubiquitin Proteasome Pathway (Degraded Protein)	0.632686046	0	-1.154522023	0.705460395	0.444498511	0.580036831	-0.883668132	0.784025018	0	1.439761603	1.523809678	-1.114517444	-1.846324003	0.717226478	0	0	-1.57553084	0.902271149	-3.183001845	0	-1.595680567	-0.525359534	-1.671199441	-1.987893639	-3.343625633	-1.594974205	-1.994394155	0.535085575	-2.551181266	-1.572185275	-0.500830681	0.775137509	-1.289532763	0.001658079	0.008057684	-1.430820909	1.430820909
Integrin_Signaling_Pathway_Cytoskeleton_contraction_integrin_modulation_cell_invasion_and_migration	Integrin SIgnaling Pathway (Cytoskeleton contraction integrin modulation cell invasion and migration)	0	0	-1.221914011	0	0.551343818	0	0	0.489511137	0	0.539798183	0.144139739	-0.502985054	-0.432610582	0.435964847	0	0	-0.64419977	0.715630826	-1.70831866	0	-0.921508401	-0.509637556	-1.290648706	0	-0.898849481	0	-1.166323181	0	-0.853235514	-0.560962402	-0.842330377	0	-0.959254816	0.002117896	0.010114781	-0.651553447	0.651553447
Glucocorticoid_Receptor_Pathway_SMAD_signaling	Glucocorticoid Receptor Pathway (SMAD signaling)	0	-0.556140105	0	-0.481776345	2.600183193	0	0	0	0	0	-1.976274627	0.464635031	0	0	0	0	0	-0.54729457	1.479333312	-0.556140105	0.934364284	0	1.469138885	1.313543557	1.510549036	0	3.106424427	0	0.687187833	0.82040863	2.486196988	0.498623149	0.950758784	0.002249825	0.010562739	1.007618553	1.007618553
IL_10_Pathway_Stability_Determination	IL-10 Pathway (Stability determination)	0	0.219448011	-0.243960205	0	-0.255897194	0	0.27940433	0	0	0	-0.501001806	0.529846901	0	0	0	0	-0.299538751	0.312523588	0.4974994	0.219448011	0.433406565	0.409395119	0.272533677	0.446151798	0.523928948	-0.228058149	0.556046041	0	0.401697256	0.47528827	0	0.302917932	0.212194565	0.002536533	0.011332576	0.29922858	0.29922858
TGF_beta_Pathway_Epithelial_mesenchymal_transdifferentiation	TGF beta Pathway (Epithelial mesehchymal transition)	0	-0.556140105	0.800144149	-0.481776345	3.06170069	0	0	0	0	0	-2.684791917	0.464635031	0	-0.430834168	0	0	0	-0.54729457	1.454542038	-0.556140105	2.038149624	0	1.7361045	2.503709446	2.116189715	0	3.554479143	0	0.687187833	1.259475712	3.163622389	0.498623149	0.950758784	0.002536533	0.011332576	1.314577773	1.314577773
VEGF_Pathway_Actin_Reorganization	VEGF Pathway (Actin Reorganization)	0	-0.567338997	-0.474461596	0	0.889969979	0	-0.492165217	-0.542197102	-0.487176546	0	1.32211444	0	0	0	0	0	0	0	-1.202467914	-0.567338997	-0.70251415	-0.462097316	-0.557291973	-0.515314237	-0.667564239	-0.407386414	-1.137379017	0	-0.550651158	0.050039567	-0.603642421	0	-0.617928549	0.002536533	0.011332576	-0.509921619	0.509921619
Caspase_Cascade_Activated_Tissue_Trans_glutaminase	Caspase Cascade (Activated Tissue Transglutaminase)	-0.570681772	-1.458630972	-2.405181148	0	-0.229585897	0.70552296	-1.256949365	0.415722507	0	1.011137921	2.16150716	-2.358065371	1.08081629	-0.526072997	-0.420047149	0.960525049	-0.45079703	1.843249053	-3.312254646	-1.458630972	-2.693169972	-2.501736173	-1.797805251	-0.247213567	-2.157097461	-2.032193841	-1.264535925	0	-2.309269888	-0.732331515	-2.261172386	0.766756671	-1.458630972	0.003029622	0.012910852	-1.48075624	1.48075624
ILK_Pathway_Induced_cell_proliferation	ILK Pathway (Induced cell proliferation)	0	0	0.757885303	0	-0.419161639	0	0	-0.445451574	0	-0.493996244	-0.611200403	0	0.500164734	-0.430814764	-0.400896547	0	0	0	0	0	1.742704302	0.564036284	1.731881304	0.738574058	0.740775617	0	1.349805703	0	0.588728927	0	0	0	1.171926853	0.003029622	0.012910852	0.660977266	0.660977266
MAPK_Signaling_Pathway_Cell_Servival_Cell_Militory_Inflammation_Apoptosis_Osmoregulation	MAPK Signaling Pathway (Cell Survival_ Inflammation_ Apoptosis_ Osmoregulation)	0	0	0.757885303	0	-0.419161639	0	0	-0.445451574	0	-0.493996244	-0.611200403	0	0.500164734	-0.430814764	-0.400896547	0	0	0	0	0	1.742704302	0.564036284	1.731881304	0.738574058	0.740775617	0	1.349805703	0	0.588728927	0	0	0	1.171926853	0.003029622	0.012910852	0.660977266	0.660977266
AKT_Pathway_Cell_Survival	AKT Pathway (Cell Survival)	-0.44308151	0	0.773730275	0	-0.489387462	-0.537545718	0	0	0	0	-1.17235947	0.652656105	0.514271424	0	0	0	0	0	0.791344472	0	1.025165887	0	0.849669535	0.445114332	0.919889927	0.613250798	0.692711135	-0.597578772	0.76746454	0.534727703	0.936266785	0	0.606764463	0.003212483	0.013482693	0.544636962	0.544636962
EGFR1_Pathway	EGFR Main Pathway	0	0	0.832298924	0	0.799966907	-0.624314053	0.431636399	0	0	0.434278458	-4.43492169	4.056628572	1.882082983	-0.416538395	-0.545898655	0	0	-0.50339343	2.143616232	0	5.279340649	1.490555601	4.090283508	3.667091946	5.630264017	0	3.955260408	-0.472192742	3.703854228	0.639124813	1.991995989	0	2.887158216	0.003608699	0.01470014	2.227544301	2.227544301
mTOR_Pathway	mTOR Main Pathway	-0.452321351	-1.541700297	-1.523605079	-0.45135138	1.776362155	-1.01195211	-0.479122203	-0.978052343	-0.939497897	0.970484484	-4.2037911	4.776069287	2.720644912	0.048792686	-0.080567574	1.185417551	1.04435931	-1.370001679	2.592772746	-1.541700297	5.497097058	1.336955225	4.865068166	2.9224173	5.546960129	-0.873786784	4.788636673	-0.508124855	4.141519379	3.357611303	4.738549575	0.090847715	3.299482819	0.003608699	0.01470014	2.711944445	2.711944445
cAMP_Pathway_Regulation_of_Cytoskeleton	cAMP Pathway (Regulation of Cytoskeleton)	0	0	0	0	-0.885427863	0	0	0	0	0	-0.902681938	0	0.691790274	0	0	0	0	0	0.748808183	0	0.944829256	0.615743385	0.714286599	0	0.994697945	0	1.143097889	0	0.505397657	0.442917173	0.202288536	0	0	0.003823034	0.015128293	0.481711082	0.481711082
ErbB_Family_Pathway_Anti_Apoptosis	ErbB Family Pathway (Anti-Apoptosis)	-0.44308151	0	0.773730275	0	-0.489387462	-0.537545718	0	0	0	0.434278458	-1.17235947	0.652656105	0.514271424	0	0	0	0	0	0.791344472	0	1.025165887	0	0.849669535	0.445114332	0.919889927	0.613250798	0.692711135	-0.597578772	0.76746454	0.534727703	0.936266785	0	0.606764463	0.003823034	0.015128293	0.520510381	0.520510381
AKT_Pathway_Apoptosis_Inhibition	AKT Pathway (Apoptosis Inhibition)	0	0.643589932	0	0	0.511352445	0	0.484557979	0	0	0.434278458	0	0.595103846	0	0	-0.513557237	0	0	-0.48881737	2.087487628	0.643589932	0.521121872	0.764824871	0.409185925	0	1.45566732	0.500853785	0.475847476	0	0.452963133	0.668473869	0.53977298	0	0.431736812	0.004800929	0.018217224	0.504184593	0.504184593
PAK_Pathway_Myosin_Activation	PAK Pathway (Myosin Activation)	0	0	-0.406644991	0	-2.355048433	0	0	-0.907622245	0	0	0.168125509	1.464012521	1.167803066	-0.650634351	-0.712378511	1.024947487	-0.486139909	0	0.973484061	0	2.116372745	0.886377451	0.758146983	1.57087564	1.046478576	0.661054173	0.972644497	0.705891736	0.939725802	0.413398791	0.068929358	-0.757526739	0.336184336	0.004800929	0.018217224	0.806890264	0.806890264
Ubiquitin_Proteasome_Pathway	Ubiquitin Proteasome Main Pathway	0.632686046	0	-0.633160257	0.705460395	0.220584108	0.580036831	-0.883668132	0.784025018	0	0.95290308	0.853573065	0.090592701	-1.420768665	0.717226478	0	0	-0.993474337	0.902271149	-1.561727885	0	-1.128880917	0.407075949	-1.041948186	-1.987893639	-2.016730681	-1.594974205	-1.027522371	0.535085575	-1.640010954	-1.572185275	0.342705762	0.775137509	-0.334942731	0.004800929	0.018217224	-0.929136774	0.929136774
AKT_Pathway_Death_Genes	AKT Pathway (Death Genes)	-0.44308151	0	0.773730275	0	0.021964983	-0.537545718	0	0	0	0.434278458	-1.17235947	0.652656105	0.514271424	0	0	0	0	0	0.791344472	0	1.025165887	0	0.849669535	0.445114332	0.919889927	0.613250798	0.692711135	-0.597578772	0.76746454	0.534727703	0.936266785	0	0.606764463	0.005370282	0.019573266	0.492101912	0.492101912
G_protein_signaling_Cross_talk_between_Ras_family_GTPases	G-protein Pathway (Ras family GTPases)	0	0	-1.221914011	0	0.551343818	0	0	0.489511137	0	0.974076642	0.671805157	-0.979516082	-0.992554328	0.435964847	0	0	-0.64419977	0.715630826	-1.70831866	0	-1.448106326	-0.509637556	-1.290648706	0	-1.41496029	0	-1.166323181	0	-0.853235514	-0.560962402	-0.842330377	0	-0.959254816	0.005370282	0.019573266	-0.716926757	0.716926757
HGF_Pathway_Cell_polarity.motility	HGF Pathway (Cell polarity_ cell motility)	0	0	-1.221914011	0	0.551343818	0	0	0.489511137	0	0.539798183	0.671805157	-0.979516082	-0.992554328	0.435964847	0	0	-0.64419977	0.715630826	-1.70831866	0	-1.448106326	-0.509637556	-1.290648706	0	-1.41496029	0	-1.166323181	0	-0.853235514	-0.560962402	-0.842330377	0	-0.959254816	0.005370282	0.019573266	-0.692800176	0.692800176
IL_2_Pathway_Actin_reorganization	IL-2 Pathway (Actin reorganization)	0.823847096	0	0	0.591548646	1.68804489	0	0	0	0.916041019	-0.48860453	-0.789369886	-0.532806671	-0.409700691	-0.67023659	-0.414682086	-0.649780788	0	-0.773817492	0	0	1.212092498	0.606668155	0.727262722	0.416984456	0	1.98043901	0.778324572	0	0.651609428	0	2.451281504	0	1.780736312	0.005999919	0.021307406	0.746444193	0.746444193
IL_2_Pathway_Protein_Synthesis	IL-2 Pathway (Protein synthesis)	0.823847096	0	0	0.591548646	1.68804489	0	0	0	0.916041019	-0.48860453	-0.789369886	-0.532806671	-0.409700691	-0.67023659	-0.414682086	-0.649780788	0	-0.773817492	0	0	1.212092498	0.606668155	0.727262722	0.416984456	0	1.98043901	0.778324572	0	0.651609428	0	2.451281504	0	1.780736312	0.005999919	0.021307406	0.746444193	0.746444193
IGF1R_Signaling_Pathway_Cell_Survival	IGF1R Signaling Pathway (Cell survival)	0	0	-2.331645513	-0.420637078	0.458640554	0	0.554219786	0.848459333	-0.595189447	0.820175634	0.455502343	-1.676792898	-1.17494496	0.49772923	0.512394843	0	-0.449153343	0.778839619	-4.127563643	0	-2.091048318	-2.165804051	-2.76840682	-0.252084443	-2.608298178	-0.596405897	-2.414452793	0.462795602	-0.728196633	-0.08389126	-2.210374364	0.817280684	-0.673130979	0.006695314	0.023475973	-1.200283079	1.200283079
AKT_Pathway_p73_Mediated_Apoptosis	AKT Pathway (p73 Mediated Apoptosis)	0	0	0	0	0.511352445	0	0	0	0	0.434278458	1.455492138	-0.684679289	-0.438983047	0	0	0	0	0	-0.56728924	0	-1.03923016	0	-0.967939891	-0.800488841	-1.000158651	0	-0.470273663	0.404804735	-0.908706843	-0.855799898	0	0	-0.474928178	0.007069487	0.024175898	-0.516304081	0.516304081
IL_10_Pathway	IL-10 Main Pathway	-0.823847096	-0.347890986	-1.978715353	-1.094051756	-1.613169045	0.515781006	-0.212760887	-0.542197102	-1.403217565	-0.455166652	2.906696005	1.062653572	0.409700691	1.457931178	0.414682086	0.649780788	-0.299538751	1.086341079	-0.704968514	-0.347890986	-1.481200083	-1.527571716	-1.012021018	-0.486146896	-1.861355934	-2.615883573	-2.459414357	0	-1.278752601	-0.067767175	-4.994369025	0.302917932	-2.186470296	0.007069487	0.024175898	-1.366560239	1.366560239
JNK_Pathway_Insulin_signaling	JNK Pathway (Insulin signaling)	0	0	-0.502982224	0	0.621284467	0	0	0	0	0	0.774388449	-2.056587631	0	0	0	0	0	0	-2.80930692	0	-0.706095178	-1.015662625	-1.020596036	0	-1.474683744	0	-0.742131064	0	-0.651298117	-1.081082567	-0.539745531	0	0	0.008307239	0.028062257	-0.604712511	0.604712511
RAS_Pathway	RAS Main Pathway	-1.491030391	-0.770094783	-4.196708641	-1.484989746	1.617967441	-0.185999961	-1.726438329	3.183451001	0.192001819	3.308658471	-6.601426336	3.808165256	1.962135237	-2.733083568	-1.294605822	1.907210991	-0.269039133	-0.748255473	-0.176988634	-0.770094783	4.9490429	-2.954287016	3.592738994	7.722123468	7.759825348	0.773237656	7.28643318	0.440909554	4.585942804	2.618614338	1.446637067	1.37809469	3.211128939	0.009735416	0.032490484	3.097672898	3.097672898
Chemokine_Pathway_Internalization_Degradation_Recycling	Chemokine Pathway (Internalization_ Degradation_ Recycling)	0	0	0.609607755	0	0	0	0	0	0	0	-0.82635172	0.522086804	0	0	0	0	0	0	0.875985077	0	0.944526089	0.436854716	0.568695144	0.562533671	0.560775271	0	0.476153842	0	0.937998822	0.727069311	0	0	0	0.010257953	0.033040151	0.389075972	0.389075972
IL_10_Pathway_Translational_Modulation	IL-10 Pathway (Translational modulation)	-0.823847096	-0.347890986	-0.718421801	-0.591548646	-1.053972105	0	-0.212760887	-0.542197102	-1.403217565	0.48860453	1.61048252	1.062653572	0.409700691	0.67023659	0.414682086	0.649780788	-0.299538751	1.086341079	-0.704968514	-0.347890986	-1.481200083	-0.659370353	-1.012021018	-0.486146896	-0.143635291	-2.615883573	-1.359657547	0	-0.80056333	-0.067767175	-3.054923926	0.302917932	-2.186470296	0.010257953	0.033040151	-0.996676899	0.996676899
Integrin_Signaling_Pathway_Translocates_to_the_nucleus	Integrin SIgnaling Pathway (Translocation to the nucleus)	0	0	-0.618403283	0	0.495371695	0	0	0.584268133	0	0	0.9106197	-0.591657141	-0.575672292	0	0	0	0	0.507978972	-0.945411521	0	-0.452941082	-0.532678765	-0.710405749	0	-0.715181922	0	0	0	-0.570081677	-0.999234229	-0.592812261	0	-0.530299959	0.010257953	0.033040151	-0.442853466	0.442853466
Erythropoeitin_Pathway	Erythropoeitin Main Pathway	-1.266928606	-0.567338997	-0.510843012	0.120094456	1.28373688	-1.077622998	-0.48354924	-0.48665687	-1.403217565	0.922882989	-4.566300632	4.637568078	1.642917064	-2.068669293	-0.696927746	0.841289677	1.086013026	-0.177930811	1.174641796	-0.567338997	4.446016435	-0.248755995	4.015728356	3.728225675	5.570822441	-1.105799628	4.14867013	-1.105703627	3.015966357	3.032539944	2.052797079	0.615802094	2.059658806	0.010805309	0.034403112	2.209522702	2.209522702
cAMP_Pathway_Cardiovascular_Homeostasis	cAMP Pathway (Cardiovascular Homeostasis)	0	0	0.444126064	0.445482565	0.686991119	0.436676496	0.436676496	-0.931626713	0.436676496	-1.083548787	-0.305219732	0	0	-0.448047388	0	0	0	-0.723636718	0.655818871	0	0.718933129	0.436676496	0.699240221	0.440663444	0.650435379	0.436676496	0.898065	0	0.436676496	0.436676496	0.63874431	0	-0.033626487	0.011978475	0.037281322	0.46130144	0.46130144
CD40_Pathway_Cell_Survival	CD40 Pathway (Cell Survival)	0	0.467921774	0	0	0.629505884	0	0	0	0	0	-0.701175204	0.624797626	0.74307661	-0.6005073	0	-0.451239428	-0.630190495	0	0	0.467921774	0.937780894	0	0.717646826	0	0.865593678	0.618857128	0.805477559	0	0.602164287	0.408319447	0.537123815	0	0.566375689	0.011978475	0.037281322	0.430584658	0.430584658
Transition_and_termination_of_DNA_replication_effect	Cell Cycle Pathway (End of S-phase)	0	0.455839971	0	0	0	0	0	0	0	0	0.568562548	0	0.537113285	0.522399924	0.565711177	0.48184987	0	0	0	0.455839971	-0.690777453	0	-0.731504794	0	0	-0.668774997	0	0	-0.902515174	0	0	0	-0.011280039	0.013263202	0.040821188	-0.343905098	0.343905098
Hedgehog_Pathway	Hedgehog Main Pathway	0	0.429849679	0	0.838413022	-0.508689457	0	0.4901433	0	0.474682451	-1.31583587	-0.905047531	0	0.890077597	-0.401309188	0	0	0	0	0	0.429849679	1.757836602	0.591104803	0.804458019	1.171880095	0.928124529	0	0	0	0.618565043	1.725089728	0	0	2.601284188	0.01466826	0.044649538	0.708974846	0.708974846
VEGF_Pathway	VEGF Main Pathway	0	-0.567338997	-0.474461596	0	1.689936886	0	-0.060528818	-0.542197102	-0.487176546	0	-0.695823766	2.075933787	0.828881879	-0.416538395	-0.545898655	0	0	-1.005177538	-0.461494622	-0.567338997	1.986026238	0.574254991	1.402128826	1.520878932	1.910769768	-0.407386414	0.869166673	0	1.580353996	0.68916438	1.388353568	0	1.295942152	0.016202912	0.048784856	0.796520681	0.796520681
ATM_Pathway_Cell_Survival	ATM Pathway (Cell Survival)	0	-0.567338997	-0.474461596	0	0.889969979	0	-0.492165217	-0.542197102	-0.487176546	0	1.32211444	0	0	0	0	0	0	0	-0.403805406	-0.567338997	-0.70251415	-0.462097316	0.153017182	-0.515314237	-0.09495307	-0.407386414	-0.398753343	0	-0.032035755	-0.543055445	-0.603642421	0	-0.617928549	0.019700564	0.058678023	-0.326873026	0.326873026
TRAF_p_Pathway	TRAF (Positive) Main Pathway	-0.999481257	-0.128442976	-1.00223535	0.066310503	-0.021764829	-0.073925689	-0.894890428	-1.237808135	-0.899566737	0.641456565	-0.530827956	3.34682923	1.357208375	0	-0.547377023	0.477024173	0.51877646	0.16574405	0.94822257	-0.128442976	2.300223129	0.20340443	1.246327949	2.682529121	2.561679793	-1.275892904	1.020803217	0	1.418029592	0.943707041	-0.731343309	1.62448252	0.382771394	0.022740296	0.067011298	0.866598495	0.866598495
FLT3_Signaling_Pathway	FLT3 Main Pathway	0	-0.567338997	-0.474461596	0	1.689936886	-0.54007728	-0.492165217	-0.542197102	-0.487176546	0.005304003	-1.131798624	2.671195011	1.388198842	-0.93386888	-0.545898655	0.673358759	1.056548434	-1.790550236	-0.449177605	-0.567338997	1.976614428	0.05018447	1.390251508	1.459996555	2.984056454	-0.407386414	1.365136049	-0.508124855	1.529483805	0.864304948	1.105840021	0	1.412776264	0.023840356	0.06951346	0.81494062	0.81494062
ATM_Pathway_DNA_Repair	ATM Pathway (DNA Repair)	-0.420665263	0	0.466511733	0	-0.418064822	0	0.478200186	0	0	0	0	0	0.537205774	-0.479640622	0	0	0	0	1.679009255	0	0.71889126	0.924029183	1.219466753	0	1.076831568	0	1.4820153	0	0.518615403	0	0	0	0	0.024986283	0.071352582	0.498837971	0.498837971
PTEN_Pathway	PTEN Main Pathway	0	0	1.221914011	0	-1.351310725	0	-0.431636399	-0.489511137	0	-0.974076642	1.346133049	-1.096417704	0.163672449	-0.019426451	0.545898655	0	0.64419977	0.289546712	0.967345368	0	-1.240434062	-0.526714751	-0.668772093	-2.03619317	-1.163373717	0	-0.840222508	0	-1.277769641	-0.078162412	-1.149665612	0	-0.954615886	0.024986283	0.071352582	-0.589515543	0.589515543
BRCA1_Pathway	BRCA1 Main Pathway	-0.4929393	0	0	0	0.009153681	0	-0.4929393	-0.4929393	-0.048257278	0.564071288	-0.526551453	0.439348969	0	0	0	0	0	0	0.798662509	0	0.060765658	0.132560054	1.161296856	-0.4929393	0.849921349	0.014462303	0.778276141	0	0.468034125	-0.514115437	0.288815174	-0.478029019	0.358591964	0.026179598	0.073997436	0.286256419	0.286256419
Androgen_receptor_Pathway	Androgen Receptor Pathway	-0.127600262	-2.241384426	-7.35162599	0.229866758	3.229204282	1.490305809	-0.587471831	4.111494169	0	1.046429124	0.705898418	-2.876693088	-1.752447918	0.265105763	0.10025551	0.635613863	-0.375229904	2.102018952	-10.13949495	-2.241384426	-1.81270805	-4.368792788	-3.630144631	1.21771295	-3.388841345	-4.250558549	-0.637786435	1.702833265	-1.97743626	-1.899394659	-3.442214845	2.698462599	0.185901226	0.028714641	0.077979955	-2.054686417	2.054686417
ErbB_Family_Pathway	ErbB Family Main Pathway	-0.44308151	-0.567338997	-0.922645333	0	1.751893242	-0.537545718	-0.060528818	-0.052685965	-0.487176546	0.974076642	-1.607402552	1.749073809	0.350598975	0.019426451	-0.545898655	0	-0.64419977	0.671540521	-1.378468811	-0.567338997	1.984462535	0.064617435	1.487030851	2.730681124	2.487129401	0.205864384	1.076001617	-0.597578772	1.965844583	0.06983467	1.482289976	0	1.916739314	0.028714641	0.077979955	0.881356966	0.881356966
Estrogen_Pathway	Estrogen Main Pathway	0.603555147	-1.541700297	-1.041644667	0.260291722	2.12587238	-0.471874831	-0.31286984	0.62017184	-0.446558597	0.380256298	-5.638739227	2.103532684	1.90814994	0.299329931	-0.080567574	0.512058791	0.452515577	0.128232491	-0.805134238	-1.541700297	4.921909328	-0.318945859	4.424841779	4.766619424	6.756737217	-0.380847484	3.986318996	0	3.78096284	2.545927665	0.871866711	1.184678827	5.281729775	0.028714641	0.077979955	2.37277477	2.37277477
IL_10_Pathway_Gene_Expression	IL-10 Pathway (Gene expression)	0	-0.347890986	-0.718421801	0	0.634072785	0	-0.212760887	-0.542197102	-0.487176546	0	0.821112633	0.529846901	0	0	0	0	-0.299538751	0.312523588	-0.704968514	-0.347890986	-0.269107585	-0.052702197	-0.284758296	-0.069162439	-0.143635291	-0.635444563	-0.581332975	0	-0.148953903	-0.067767175	-0.603642421	0.302917932	-0.405733985	0.028714641	0.077979955	-0.250232706	0.250232706
AKT_Pathway_Aggregation_._Neurodegeneration	AKT Pathway (Aggregation & Neurodegeneration)	0	0.643589932	0	0	0.511352445	0	0.484557979	0	0	0.434278458	0	0	0	0	-0.513557237	0	0	-0.48881737	1.132045472	0.643589932	0	0.764824871	0	0	0.684231543	0.500853785	0	0	0.452963133	0.668473869	0.53977298	0	0	0.034423814	0.088290709	0.299594583	0.299594583
AKT_Pathway_Cardiovascular_Homeostasis	AKT Pathway (Cardiovascular Homeostasis)	0	0.643589932	0	0	0.511352445	0	0.484557979	0	0	0.434278458	0	0	0	0	-0.513557237	0	0	-0.48881737	1.132045472	0.643589932	0	0.764824871	0	0	0.684231543	0.500853785	0	0	0.452963133	0.668473869	0.53977298	0	0	0.034423814	0.088290709	0.299594583	0.299594583
AKT_Pathway_Glucose_Uptake	AKT Pathway (Glucose Uptake)	0	0.643589932	0	0	0.511352445	0	0.484557979	0	0	0.434278458	0	0	0	0	-0.513557237	0	0	-0.48881737	1.132045472	0.643589932	0	0.764824871	0	0	0.684231543	0.500853785	0	0	0.452963133	0.668473869	0.53977298	0	0	0.034423814	0.088290709	0.299594583	0.299594583
AKT_Pathway_Insulin_Stimulated_Mitogenesis	AKT Pathway (Insulin Stimulated Mitogenesis)	0	0.643589932	0	0	0.511352445	0	0.484557979	0	0	0.434278458	0	0	0	0	-0.513557237	0	0	-0.48881737	1.132045472	0.643589932	0	0.764824871	0	0	0.684231543	0.500853785	0	0	0.452963133	0.668473869	0.53977298	0	0	0.034423814	0.088290709	0.299594583	0.299594583
AKT_Pathway_Neuroprotection	AKT Pathway (Neuroprotection)	0	0.643589932	0	0	0.511352445	0	0.484557979	0	0	0.434278458	0	0	0	0	-0.513557237	0	0	-0.48881737	1.132045472	0.643589932	0	0.764824871	0	0	0.684231543	0.500853785	0	0	0.452963133	0.668473869	0.53977298	0	0	0.034423814	0.088290709	0.299594583	0.299594583
AKT_Pathway_Respiratory_Burst	AKT Pathway (Respiratory Burst)	0	0.643589932	0	0	0.511352445	0	0.484557979	0	0	0.434278458	0	0	0	0	-0.513557237	0	0	-0.48881737	1.132045472	0.643589932	0	0.764824871	0	0	0.684231543	0.500853785	0	0	0.452963133	0.668473869	0.53977298	0	0	0.034423814	0.088290709	0.299594583	0.299594583
IL_2_Pathway	IL-2 Main Pathway	-0.823847096	0.022195446	-1.985404301	-2.565223288	0.46053255	0	0.493690967	0.306262231	-1.403217565	2.383077228	-3.033653251	7.210764316	1.181196416	-1.435636241	-0.131216569	2.318615098	0.293120826	-0.690663171	1.975496734	0.022195446	2.213526414	-0.343312599	1.178530262	3.742852393	6.069293104	-2.314400992	5.278173944	1.033996908	1.961458715	3.196136441	0.691609806	0.328063144	-0.316981788	0.03762499	0.095615801	1.50329844	1.50329844
Cellular_Anti_Apoptosis_Pathway_Apoptosis	Cellular Anti Apoptosis Pathway (Apoptosis)	0	0	0.773550256	0	0	0	0	0	0	0	0	0	0	0	0	0	0	0	0	0	0.927118309	0	0.583841355	0	1.030338622	0.456373835	0	0	0.948901818	0.535766612	0	0	0.541261584	0.046753193	0.117733041	0.291931795	0.291931795
CREB_Pathway	CREB Main Pathway	-0.114557904	-2.869635509	-6.740199509	0.242889488	0.276624542	0.665061816	-1.323138182	2.795738123	-0.434315386	1.836723891	-6.644191694	-0.074426895	3.39775389	0.809301315	1.24722956	1.071780712	-0.334995734	1.770994057	-3.296438512	-2.869635509	4.773644886	-1.84761877	2.224288498	5.515942226	5.603432404	-1.22956955	6.196769365	-0.062934776	3.726122188	2.932240684	2.697387778	1.47340648	3.027548204	0.04878663	0.120659791	2.169937007	2.169937007
GPCR_Pathway	GPCR Main Pathway	0.003802517	-1.541700297	-3.865219672	1.14530291	3.363081898	-0.015177628	0.63250303	2.661712712	-0.482800695	1.761694912	-4.140958509	1.500821233	-1.582226681	0.380547646	-0.080567574	-0.050044305	-1.108421736	-1.533591645	-5.553455075	-1.541700297	4.770870727	-1.026700274	2.590585305	5.153969137	2.9292275	-1.461337236	1.639688084	0.907985681	2.684781472	2.444687559	0.992120053	1.523930493	2.832355148	0.04878663	0.120659791	1.423091767	1.423091767
cAMP_Pathway_Endothelial_Cell_Regulation	cAMP Pathway (Endothelial Cell Regulation)	0	0	0	0	0	0	0	0	0	0	0	0	0	0	0	0	0	0	-0.284607654	0	-0.308203586	0	-0.262369352	0	0	0	-0.272565498	0	-0.237504351	-0.218537327	0	0	0	0.050893803	0.124757376	-0.105585851	0.105585851
AHR_Pathway	AHR Main Pathway	0.406079941	0	0.409371413	-0.573295862	-2.665006157	0.434530376	0	0	0.481274357	0	0	-0.585194939	0.896006448	-0.527001057	0	0	0	0	0.795201735	0	0.481274357	0.481274357	0	0.480291776	-0.435587647	0	0.306682226	0	1.045356968	0.665630427	1.0410138	0.481274357	-1.270956701	0.057677444	0.136552581	0.367165681	0.367165681
Chromatin_Pathway	Chromatin Main Pathway	0	0	0	0	0	0	0	0	0.444682022	0	-0.602055898	0	0	0	0	0	0	0	0	0	0.556062254	0	0.60174909	0	0	0	0.532589767	0	0.444682022	0	0.444682022	0	0.444682022	0.057677444	0.136552581	0.210372805	0.210372805
Chromatin_Pathway_Octamer_Sliding	Chromatin Pathway (Octamer Sliding)	0	0	0	0	0	0	0	0	0.444682022	0	-0.602055898	0	0	0	0	0	0	0	0	0	0.556062254	0	0.60174909	0	0	0	0.532589767	0	0.444682022	0	0.444682022	0	0.444682022	0.057677444	0.136552581	0.210372805	0.210372805
Chromatin_Pathway_Octamer_Transfer	Chromatin Pathway (Octamer Transfer)	0	0	0	0	0	0	0	0	0.444682022	0	-0.602055898	0	0	0	0	0	0	0	0	0	0.556062254	0	0.60174909	0	0	0	0.532589767	0	0.444682022	0	0.444682022	0	0.444682022	0.057677444	0.136552581	0.210372805	0.210372805
ATM_Pathway_S_Phase_Progresion	ATM Pathway (S-Phase Progression)	0	0	0	0	0.478223772	0	0	0	0	0	0.568562548	0	0.537113285	0.522399924	0.565711177	0.48184987	0	-0.611565654	0.577648102	0	-0.690777453	0	-0.731504794	0	0.40555028	-0.668774997	0	0	-0.902515174	0	0	0	-0.462256639	0.06009936	0.13989515	-0.306080652	0.306080652
Sister_chromatid_cohesion_effect	Cell Cycle Pathway (SCC during S-phase)	-0.420665263	0	0.466511733	0	-0.418064822	0	0.478200186	0	0	0	0	0	0.537205774	-0.479640622	0	0	0	0	1.317310927	0	0.71889126	0.924029183	0.509157598	0	0.504220399	0	0.743389626	0	0	0	0	0	0	0.06009936	0.13989515	0.305380656	0.305380656
IGF1R_Signaling_Pathway	IGF1R Main Pathway	-0.114557904	-1.458630972	-4.069199812	0.464374111	1.995623562	0.712989111	-0.250273594	2.987479246	-0.138492245	2.184091396	-0.788423841	-0.697761266	1.181149855	-0.447835179	-0.033503812	0.398421953	-0.916737544	0.461718314	-7.131686423	-1.458630972	-0.847257072	-3.281441179	-2.671022366	1.11789362	-0.346204739	-1.289789611	-0.933199347	0.907985681	-0.303735705	-1.344716134	-3.712840687	1.584037355	1.231395555	0.062605003	0.144513215	-1.3136381	1.3136381
cAMP_Pathway_Glycogen_Synthesis	cAMP Pathway (Glycogen Synthesis)	0	0	0	0	0.250314623	0	0	0	0	0	-0.305219732	0	0	0	0	0	0	0	0.219142375	0	0.282256633	0	0.261554804	0	0.213758883	0	0.461388504	0	0	0	0.202288536	0	0	0.065196419	0.145640388	0.1124096	0.1124096
cAMP_Pathway_Oncogenesis	cAMP Pathway (Oncogenesis)	0	0	0	0	0.250314623	0	0	0	0	0	-0.305219732	0	0	0	0	0	0	0	0.219142375	0	0.282256633	0	0.261554804	0	0.213758883	0	0.461388504	0	0	0	0.202288536	0	0	0.065196419	0.145640388	0.1124096	0.1124096
cAMP_Pathway_Protein_Retention	cAMP Pathway (Protein Retention)	0	0	0	0	0.250314623	0	0	0	0	0	-0.305219732	0	0	0	0	0	0	0	0.219142375	0	0.282256633	0	0.261554804	0	0.213758883	0	0.461388504	0	0	0	0.202288536	0	0	0.065196419	0.145640388	0.1124096	0.1124096
Nucleotide_excision_repair_effect	DDR Pathway (NER)	0	0.455839971	0.696044176	-0.855374375	-0.659133854	-0.80142835	0	0	0	0	0	0	0	0	0	0	0	0	0.418413909	0.455839971	0	0	0	0	0.653994729	0	0.623529017	0	0.825101369	0	0.417903788	-0.512663253	0.4509766	0.065196419	0.145640388	0.286875988	0.286875988
Hedgehog_Pathway_Target_genes.WNT.Ptc.BMP.	Hedgehog Pathway (Activation of BMP_ Ptc_ WNT)	0	0	0	0	0	0	0	0	0.474682451	-0.545634019	0	0	0	-0.401309188	0	0	0	0	0	0	1.021377652	0	0	1.171880095	0	0	0	0	0.618565043	1.008127867	0	0	1.338869205	0.070644825	0.156548932	0.370158033	0.370158033
DNA_Repair_Mechanisms_Pathway	DNA Repair Mechanisms Pathway	0	-0.255966681	0.474461596	0	-1.840563457	1.236545462	0.070837105	0.542197102	0.487176546	-1.23603292	0.699324143	-1.307318475	-1.902944855	1.381669846	0.646154166	-0.998269945	0.401404614	1.173051177	-0.001939198	-0.255966681	0.212217354	-0.469251374	0.014275964	-1.235965401	-2.659344466	-1.072681851	-0.855609522	1.150583746	-0.726032848	-1.035972341	-1.598282384	0	-0.202623998	0.073505968	0.161596454	-0.558646501	0.558646501
cAMP_Pathway_Cell_Growth	cAMP Pathway (Cell Growth)	0	0	0.444126064	0.445482565	0.436676496	0.436676496	0.436676496	-0.931626713	0.436676496	-1.083548787	0	0	0	-0.448047388	0	0	0	-0.723636718	0.436676496	0	0.436676496	0.436676496	0.437685417	0.440663444	0.436676496	0.436676496	0.436676496	0	0.436676496	0.436676496	0.436455774	0	-0.033626487	0.076461189	0.162921149	0.348891841	0.348891841
cAMP_Pathway_Cell_Survival_._Chemotaxis	cAMP Pathway (Cell Survival_ Chemotaxis)	0	0	0.444126064	0.445482565	0.436676496	0.436676496	0.436676496	-0.931626713	0.436676496	-1.083548787	0	0	0	-0.448047388	0	0	0	-0.723636718	0.436676496	0	0.436676496	0.436676496	0.437685417	0.440663444	0.436676496	0.436676496	0.436676496	0	0.436676496	0.436676496	0.436455774	0	-0.033626487	0.076461189	0.162921149	0.348891841	0.348891841
Fas_m_Signaling_Pathway	Fas Signaling Pathway (Negative)	0	0	0	0	0.073011942	0	0	0	0	0.483491204	-0.486516585	0.550163302	0	0	0	0	0	0	0.651863493	0	0.093257804	0.535304253	0.444456978	0	0.166916458	0.45842476	-0.163483378	0	1.171951581	0	0.72877973	0	0	0.076461189	0.162921149	0.238045342	0.238045342
Fas_p_Signaling_Pathway	Fas Signaling Pathway (Positive)	0	0	0.832298924	0	0	0	0	0	0	0	-1.251666483	1.091730105	0.559943747	0	0	0	0	-0.459303125	0.802602559	0	1.397717678	0	0.941082805	0.435370837	1.168570247	0	0.746506403	0	0.676915048	0	0	0	0	0.076461189	0.162921149	0.368306418	0.368306418
NGF_p_Pathway	NGF (Positive) Main Pathway	0	0	-1.221914011	0	1.351310725	-0.54007728	0	0.489511137	0	0.974076642	-1.093071838	0.552413956	-0.163672449	0.019426451	-0.545898655	0.673358759	-0.052356037	-0.126045486	-0.385813043	0	0.797462293	0.00264423	0.511151664	0.834782622	0.892469298	0	0.949993092	-0.508124855	0.783406555	0.602911779	0.155763115	0	0.44964315	0.079512584	0.168129662	0.321471443	0.321471443
CREB_Pathway_Gene_Expression	CREB Pathway (Gene Expression Pathway)	0	0	-0.903452123	-0.420637078	0.495371695	0	0	0.584268133	-0.595189447	0	0.084267981	-1.15125939	-0.575672292	0.49772923	0.512394843	0	0	1.28681859	-1.078433758	0	-0.377005314	-0.81867266	-0.98897109	0.562533671	-0.860783553	0	-0.483679635	0	0.367917145	-0.272164919	-1.604021951	0	-0.530299959	0.082662252	0.173465483	-0.395274365	0.395274365
ATM_Pathway	ATM Main Pathway	-0.420665263	-0.567338997	-0.007949863	0	0.950128929	0	-0.013965031	-0.542197102	-0.487176546	0	1.890676987	0	1.074319058	0.042759302	0.565711177	0.48184987	0	-0.611565654	1.054189442	-0.567338997	-0.674400343	0.461931866	-0.069330014	-0.515314237	0.814817609	-1.076161411	0.344636284	0	-0.934550929	-0.543055445	-0.603642421	0	-1.080185188	0.092721928	0.19025166	-0.356703967	0.356703967
MAPK_Family_Pathway_Gene_Expression	MAPK Family Pathway (Gene Expression)	0	-0.567338997	0.357837328	0	1.348610533	0	-0.492165217	-0.542197102	-0.487176546	0	0.598113374	0.615199076	0	0	0	0	0	-0.459303125	-0.399865355	-0.567338997	0.168605603	-1.030178321	0.383790832	-0.0799434	-0.015104801	-0.407386414	-0.390872613	0	0.126263889	-0.543055445	-0.603642421	0	-0.617928549	0.092721928	0.19025166	-0.285753695	0.285753695
Translation_Regulation_of_EIF4F_activity	Translation Regulation of EIF4F activity	0	-0.556140105	-0.421769862	-0.481776345	3.613044509	0	0	0.489511137	0	0.545102186	-2.540652178	-0.038350023	-0.432610582	0.005130679	0	0	-0.64419977	-0.242481753	-0.253776622	-0.556140105	1.116641223	-0.509637556	0.445455795	2.503709446	1.217340234	0	2.388155962	0	-0.166047681	0.698513311	2.321292012	0.498623149	-0.008496032	0.092721928	0.19025166	0.685552882	0.685552882
ATM_Pathway_Apoptosis_._Senescense	ATM Pathway (Apoptosis_ Senescense)	0	0	0	0	0	0	0	0	0	0	0	0	0	0	0	0	0	0	0.798662509	0	0	0	0.710309155	0	0.572611169	0	0.738625674	0	0.518615403	0	0	0	0	0.103741678	0.200105569	0.222588261	0.222588261
ATM_Pathway_Cell_Cicle_Checkpoint_Control	ATM Pathway (Cell Cicle Checkpoint Control)	0	0	0	0	0	0	0	0	0	0	0	0	0	0	0	0	0	0	0.798662509	0	0	0	0.710309155	0	0.572611169	0	0.738625674	0	0.518615403	0	0	0	0	0.103741678	0.200105569	0.222588261	0.222588261
ATM_Pathway_Checkpoint_Activation	ATM Pathway (Checkpoint Activation)	0	0	0	0	0	0	0	0	0	0	0	0	0	0	0	0	0	0	0.798662509	0	0	0	0.710309155	0	0.572611169	0	0.738625674	0	0.518615403	0	0	0	0	0.103741678	0.200105569	0.222588261	0.222588261
ATM_Pathway_NF_kB_Pathway	ATM Pathway (NF-kB Pathway)	0	0	0	0	0	0	0	0	0	0	0	0	0	0	0	0	0	0	0.798662509	0	0	0	0.710309155	0	0.572611169	0	0.738625674	0	0.518615403	0	0	0	0	0.103741678	0.200105569	0.222588261	0.222588261
ATM_Pathway_S_Phase_Arrest	ATM Pathway (S-Phase Arrest)	0	0	0	0	0	0	0	0	0	0	0	0	0	0	0	0	0	0	0.798662509	0	0	0	0.710309155	0	0.572611169	0	0.738625674	0	0.518615403	0	0	0	0	0.103741678	0.200105569	0.222588261	0.222588261
ATM_Pathway_Synaptic_Vesicle_Transport	ATM Pathway (Synaptic Vesicle Transport)	0	0	0	0	0	0	0	0	0	0	0	0	0	0	0	0	0	0	0.798662509	0	0	0	0.710309155	0	0.572611169	0	0.738625674	0	0.518615403	0	0	0	0	0.103741678	0.200105569	0.222588261	0.222588261
cAMP_Pathway_Cytokine_Production	cAMP Pathway (Cytokine Production)	0	-0.567338997	-0.030335532	0.445482565	1.326646475	0.436676496	-0.055488721	-1.473823814	-0.05050005	-1.083548787	1.32211444	0	0	-0.448047388	0	0	0	-0.723636718	-0.765791419	-0.567338997	-0.265837654	-0.025420821	-0.119606556	-0.074650793	-0.230887743	0.029290082	-0.700702521	0	-0.113974663	-0.106378949	-0.167186647	0	-0.651555036	0.107638014	0.200105569	-0.200569446	0.200569446
CD40_Pathway	CD40 Main Pathway	0	-0.099417222	0.357837328	0	1.060835308	0	-0.492165217	-0.542197102	-0.487176546	0	-0.10306183	1.239996702	0.74307661	-0.6005073	0	-0.451239428	-0.630190495	-0.459303125	-0.399865355	-0.099417222	1.106386497	0.105983688	1.101437657	-0.0799434	0.850488877	0.211470714	0.414604946	0	0.728428176	-0.134735998	-0.066518606	0	-0.05155286	0.099958269	0.200105569	0.271535158	0.271535158
CD40_Pathway_IKBs_Degradation	CD40 Pathway (IKBs Degradation)	0	0	0.832298924	0	0.458640554	0	0	0	0	0	-0.724001066	0.615199076	0	0	0	0	0	-0.459303125	0.802602559	0	0.871119752	-0.568081005	0.941082805	0.435370837	0.652459438	0	0.746506403	0	0.676915048	0	0	0	0	0.107638014	0.200105569	0.263707591	0.263707591
IGF1R_Signaling_Pathway_IKB_Degradation	IGF1R Signaling Pathway (IKB degradation)	0	0	0.832298924	0	0.458640554	0	0	0	0	0	-0.724001066	0.615199076	0	0	0	0	0	-0.459303125	0.802602559	0	0.871119752	-0.568081005	0.941082805	0.435370837	0.652459438	0	0.746506403	0	0.676915048	0	0	0	0	0.107638014	0.200105569	0.263707591	0.263707591
MAPK_Family_Pathway_IKBs_Degradation	MAPK Family Pathway (IKBs Degradation)	0	0	0.832298924	0	0.458640554	0	0	0	0	0	-0.724001066	0.615199076	0	0	0	0	0	-0.459303125	0.802602559	0	0.871119752	-0.568081005	0.941082805	0.435370837	0.652459438	0	0.746506403	0	0.676915048	0	0	0	0	0.107638014	0.200105569	0.263707591	0.263707591
TRAF_m_Pathway_IKBs_Degradation	TRAF (Negative) Pathway (IKBs Degradation)	0	0	0.832298924	0	0.458640554	0	0	0	0	0	-0.724001066	0.615199076	0	0	0	0	0	-0.459303125	0.802602559	0	0.871119752	-0.568081005	0.941082805	0.435370837	0.652459438	0	0.746506403	0	0.676915048	0	0	0	0	0.107638014	0.200105569	0.263707591	0.263707591
TRAF_p_Pathway_IKBs_Degradation	TRAF (Positive) Pathway (IKBs Degradation)	0	0	0.832298924	0	0.458640554	0	0	0	0	0	-0.724001066	0.615199076	0	0	0	0	0	-0.459303125	0.802602559	0	0.871119752	-0.568081005	0.941082805	0.435370837	0.652459438	0	0.746506403	0	0.676915048	0	0	0	0	0.107638014	0.200105569	0.263707591	0.263707591
X0_IL_6_Pathway_IKBs_Degradation	IL-6 Pathway (IKBs degradation)	0	0	0.832298924	0	0.458640554	0	0	0	0	0	-0.724001066	0.615199076	0	0	0	0	0	-0.459303125	0.802602559	0	0.871119752	-0.568081005	0.941082805	0.435370837	0.652459438	0	0.746506403	0	0.676915048	0	0	0	0	0.107638014	0.200105569	0.263707591	0.263707591
Hedgehog_Pathway_Repression_of_target_genes.Hh.BMP.	Hedgehog Pathway (Repression of Hh_ BMP)	-0.443851201	-0.443851201	-0.547294192	-0.523256005	0.564403535	0	-0.443851201	0.927267581	0.474682451	-0.545634019	1.098254619	0	-1.177357198	-0.401309188	0	0	-0.569314275	0	-1.220015631	-0.443851201	-0.440504839	-1.071231342	-2.050581724	0.153205287	-1.538092952	-0.88064573	-1.147574586	0	0.139119264	0.073961518	-1.151657256	-0.483080321	0.167106667	0.111649335	0.203466222	-0.546750062	0.546750062
TNF_m_Pathway	TNF (Negative) Main Pathway	0	0	0	0	0	0	0	0	0	0	-0.541375298	0	0.461839591	-0.526072997	-0.420047149	0	-0.45079703	0	0	0	0	0	0.70069328	0	0	0	0.568822742	0	0.409084736	0	0	0	0	0.111649335	0.203466222	0.193931877	0.193931877
TNF_m_Pathway_Apoptosis	TNF (Negative) Pathway (Apoptosis)	0	0	0	0	0	0	0	0	0	0	-0.541375298	0	0.461839591	-0.526072997	-0.420047149	0	-0.45079703	0	0	0	0	0	0.70069328	0	0	0	0.568822742	0	0.409084736	0	0	0	0	0.111649335	0.203466222	0.193931877	0.193931877
cAMP_Pathway_Cell_Proliferation	cAMP Pathway (Cell Proliferation)	0	0	-0.439656061	0.932718625	0.883581389	0	0	0	0	0	-0.305219732	0	0	0	0	0	0	0	-0.705643576	0	0.282256633	0	-0.284506859	0	-0.396543123	0	-0.045435945	0	-0.530059797	0	-0.413014657	0	0	0.138245029	0.250286752	-0.19905339	0.19905339
TNF_p_Pathway_Gene_expression_Cell_Survival	TNF (Positive) Pathway (Gene expression_ Cell survival)	0	0	0.832298924	0	0.458640554	0	0	0	0	0	-1.251666483	1.091730105	0.559943747	0	0	0	0	-0.459303125	1.628305342	0	1.397717678	-0.568081005	1.365756658	0.435370837	1.616686901	0	0.746506403	0	0.676915048	0	0	0	0	0.148120258	0.2664241	0.418187206	0.418187206
Androgen_receptor_Pathway_Gonadotropin_Regulation	Androgen Receptor Pathway (Gonadotropin Regulation)	0	0.411605915	0	0	0	0	0	0	0	0	0	1.20558123	0	0	0	0	0	0	0.966361879	0.411605915	0	0	0.48882493	0	0.537708459	0	1.079030455	0	0.461163477	0	0	0	0	0.16393135	0.287398633	0.173135944	0.173135944
Androgen_receptor_Pathway_Histone_Modification	Androgen Receptor Pathway (Histone Modification)	0	0.411605915	0	0	0	0	0	0	0	0	0	1.20558123	0	0	0	0	0	0	0.966361879	0.411605915	0	0	0.48882493	0	0.537708459	0	1.079030455	0	0.461163477	0	0	0	0	0.16393135	0.287398633	0.173135944	0.173135944
Androgen_receptor_Pathway_Prostate_Differentiation_._Development	Androgen Receptor Pathway (Prostate Differentiation & Development)	0	0.411605915	0	0	0	0	0	0	0	0	0	1.20558123	0	0	0	0	0	0	0.966361879	0.411605915	0	0	0.48882493	0	0.537708459	0	1.079030455	0	0.461163477	0	0	0	0	0.16393135	0.287398633	0.173135944	0.173135944
Androgen_receptor_Pathway_Sexual_Differentiation_._Sexual_Maturation_at_Puberty	Androgen Receptor Pathway (Sexual Differentiation & Sexual Maturation at Puberty)	0	0.411605915	0	0	0	0	0	0	0	0	0	1.20558123	0	0	0	0	0	0	0.966361879	0.411605915	0	0	0.48882493	0	0.537708459	0	1.079030455	0	0.461163477	0	0	0	0	0.16393135	0.287398633	0.173135944	0.173135944
TRAF_m_Pathway	TRAF (Negative) Main Pathway	0	0	0	0	0	0	0	0	0	0	-0.541375298	0	0.461839591	-0.526072997	-0.420047149	0	-0.45079703	0	0	0	0	0	0.70069328	0	0	0	0.568822742	0	0	0	0	0	0	0.175157922	0.305149337	0.166659562	0.166659562
TNF_p_Pathway_IKBs_degradation	TNF (Positive) Pathway (IKBs degradation)	0	0	0.832298924	0	0.458640554	0	0	0	0	0	-1.251666483	1.091730105	0.559943747	0	0	0	0	-0.459303125	0.802602559	0	1.397717678	-0.568081005	0.941082805	0.435370837	1.168570247	0	0.746506403	0	0.676915048	0	0	0	0	0.180981917	0.313324943	0.30495432	0.30495432
HIF1Alpha_Pathway	HIF1-Alpha Main Pathway	0	0	0	0	0	0	0	0	0	0	0	0	0	0	0	0	0	0	-0.012024222	0	-0.440408307	0	0	0	-0.530405024	0	-0.88646706	0	0	0.593095012	0	0	-0.53323604	0.193059061	0.332157515	-0.120629709	0.120629709
Regulation_of_telomere_length_and_cellular_immortalization_effect	Telomere Main Pathway	0	0	0	0	-0.455619728	0	0	0	0	0.434278458	0	0	0	0	0	0	0	0	-0.27308413	0	0	0.416181069	-0.289069583	0	-0.572611169	0	-0.738625674	0	-0.518615403	0	0	0	0	0.205718061	0.351752487	-0.130536033	0.130536033
SMAD_m_Pathway_Degradation	SMAD (Negative) Pathway (Degradation)	0	-0.638219264	1.218585282	-0.481776345	-0.094345944	1.236545462	-0.013028801	0	0	-1.23603292	0.316309596	-1.307318475	-1.364279835	0.950835678	0.646154166	-0.998269945	0.401404614	0.625756607	-0.548527583	-0.638219264	0.613488544	-0.931348691	-0.474906487	-0.00315436	-1.61979476	-0.971301319	0.315386663	1.150583746	-1.795299409	-1.139960703	0.710839596	0	-1.271529147	0.218969619	0.369845027	-0.399267316	0.399267316
SMAD_p_Pathway_Degradation	SMAD (Positive) Pathway (Degradation)	0	-0.638219264	1.218585282	-0.481776345	-0.094345944	1.236545462	-0.013028801	0	0	-1.23603292	0.316309596	-1.307318475	-1.364279835	0.950835678	0.646154166	-0.998269945	0.401404614	0.625756607	-0.548527583	-0.638219264	0.613488544	-0.931348691	-0.474906487	-0.00315436	-1.61979476	-0.971301319	0.315386663	1.150583746	-1.795299409	-1.139960703	0.710839596	0	-1.271529147	0.218969619	0.369845027	-0.399267316	0.399267316
IP3_Pathway	IP3 Main Pathway	-0.607497204	-1.458630972	-5.102002671	1.176017213	0.641252911	0.712989111	-1.166233316	3.015556695	-0.631431545	2.313884226	-1.845077962	0.114387494	1.642554539	-2.018152783	0.512394843	0.398421953	-0.504302162	1.227876905	-5.264832486	-1.458630972	-1.411412312	-2.466378574	-3.339036227	0.359252816	0.389801568	-1.323610066	2.432563302	0.907985681	-1.282306523	0.63605995	-3.205379552	1.721810431	0.036352232	0.225820657	0.379104982	-0.79685112	0.79685112
SMAD_m_Pathway	SMAD (Negative) Main Pathway	0.4929393	-1.194359369	1.218585282	-0.481776345	2.283795434	1.236545462	0.479910499	0.4929393	0.4929393	-1.800104208	-1.681824266	-0.842683444	-1.364279835	0.950835678	0.646154166	-0.998269945	0.401404614	0.625756607	0.2771752	-1.194359369	2.043149424	-0.489818977	1.485598297	1.803328496	0.370633122	-0.478362019	2.304144711	1.150583746	-0.612848277	0.194563364	2.613219493	0.976652168	0.174526233	0.239978721	0.398048538	0.654628584	0.654628584
SMAD_p_Pathway	SMAD (Positive) Main Pathway	0.4929393	-1.194359369	1.218585282	-0.481776345	2.283795434	1.236545462	0.479910499	0.4929393	0.4929393	-1.800104208	-1.681824266	-0.842683444	-1.364279835	0.950835678	0.646154166	-0.998269945	0.401404614	0.625756607	0.2771752	-1.194359369	2.043149424	-0.489818977	1.485598297	1.803328496	0.370633122	-0.478362019	2.304144711	1.150583746	-0.612848277	0.194563364	2.613219493	0.976652168	0.174526233	0.239978721	0.398048538	0.654628584	0.654628584
Caspase_Cascade_ICAD_Degradation	Caspase Cascade (ICAD Degradation)	0	0	0	0	0	0	0	0	0	0	-0.054858713	-0.550163302	0.461839591	-0.526072997	-0.420047149	0	-0.45079703	0	-0.651863493	0	-0.583187825	-0.535304253	0.256236302	0	-0.594019031	-0.45842476	0.126337497	0	-0.762866845	0	-0.72877973	0	0	0.247287706	0.407730324	-0.17656372	0.17656372
Wnt_Pathway	Wnt Main Pathway	-0.438757273	-0.736565965	-4.284485472	1.229829079	3.484279505	-1.614799654	-0.557358	2.333206042	-1.036014836	3.088783592	-5.069219643	0.772801953	0.928403934	-2.566846276	-0.652470435	0.998269945	-0.465339266	-0.270983586	-5.08092182	-0.736565965	1.030356651	-1.094942408	-0.437352107	3.628081322	4.278253995	-0.757705315	1.590356639	-0.684254387	2.431505033	0.07973031	0.87959614	1.433082778	2.445195898	0.27014451	0.442781238	0.870142582	0.870142582
cAMP_Pathway_Cell_Survival	cAMP Pathway (Cell Survival)	0	0	-1.010144235	0	0.250314623	-0.449231052	0	1.267173537	0	0.45114849	-1.149548079	0.667089394	0.902893479	0	0	0	-0.467584201	-0.022625696	-1.355771842	0	0.687997453	-0.764892766	0.041442065	0.470442261	0.666009886	0.424261498	0.841146811	0	0.411612986	-0.703026415	0.705044452	0	0.362802191	0.294409586	0.479714443	0.094722002	0.094722002
Caspase_Cascade_Cell_Survival	Caspase Cascade (Cell Survival)	0	0	0	0	0	0	0	0	0	0	0	0.595103846	0	0	0	0	0	0	0.955442156	0	0.521121872	0	0.409185925	0	0.771435777	0	0.475847476	0	0	0	0	0	-0.190070037	0.302813041	0.482064439	0.16313622	0.16313622
Growth_Hormone_Pathway	Growth Hormone Main Pathway	-0.823847096	-0.567338997	-0.474461596	-0.591548646	-1.633518431	-0.54007728	-0.060528818	-0.542197102	-1.403217565	0.922882989	1.208858467	1.64913081	0.409700691	1.134510255	0.414682086	1.323139547	0.097674439	-0.239959567	-0.162637578	-0.567338997	0.247000237	-1.14827827	0.213712927	-0.458483915	1.14987529	-2.387825424	-0.70757922	-0.508124855	0.691741078	0.208595079	-1.167601999	0	-2.466109059	0.302813041	0.482064439	-0.486641657	0.486641657
Growth_Hormone_Pathway_Glucose_Uptake	Growth Hormone Pathway (Glucose uptake)	-0.823847096	-0.567338997	-0.474461596	-0.591548646	-1.633518431	-0.54007728	-0.060528818	-0.542197102	-1.403217565	0.922882989	1.208858467	1.64913081	0.409700691	1.134510255	0.414682086	1.323139547	0.097674439	-0.239959567	-0.162637578	-0.567338997	0.247000237	-1.14827827	0.213712927	-0.458483915	1.14987529	-2.387825424	-0.70757922	-0.508124855	0.691741078	0.208595079	-1.167601999	0	-2.466109059	0.302813041	0.482064439	-0.486641657	0.486641657
RANK_Signaling_in_Osteoclast_Pathway	RANK Signaling in Osteoclast Main Pathway	0	-0.567338997	0.798146311	-0.463562211	0.431329424	-0.46341718	-0.492165217	-1.040882025	-0.899566737	0	0.086999508	2.892798955	0.559943747	0	0	0	0.520826849	-0.459303125	1.076593967	-0.567338997	1.865537918	-0.306406503	0.584358115	1.627443116	2.057249946	-0.819776605	0.559300771	0	0.191848143	-0.081697514	-0.00565626	0	-0.404718238	0.302813041	0.482064439	0.334904229	0.334904229
Caspase_Cascade_Apoptosis	Caspase Cascade (Apoptosis)	0	0	0	0	-0.511352445	0	0	0	0	0	-0.054858713	-0.550163302	0.461839591	-0.526072997	-0.420047149	0	-0.45079703	0	-0.651863493	0	-0.583187825	-0.535304253	0.256236302	0	-0.594019031	-0.45842476	0.126337497	0	-0.762866845	0	-0.72877973	0	0	0.311374495	0.492861343	-0.148155251	0.148155251
TGF_beta_Pathway_SnON_degradation	TGF beta Pathway (SnON degradation)	0	0	0	0	0	0	0	0	0	0	0	0	0	0	0	0	0	0	0.491042573	0	0	0	0.511453062	0	0	0	0.607224135	0	0	0	0	0	0	0.328971774	0.511939222	0.107314651	0.107314651
TGF_beta_Pathway_Tumor_suppression	TGF beta Pathway (Tumor suppression)	0	0	0	0	0	0	0	0	0	0	0	0	0	0	0	0	0	0	0.491042573	0	0	0	0.511453062	0	0	0	0.607224135	0	0	0	0	0	0	0.328971774	0.511939222	0.107314651	0.107314651
TGF_beta_Pathway_Tumorogenesis	TGF beta Pathway (Tumorigenesis)	0	0	0	0	0	0	0	0	0	0	0	0	0	0	0	0	0	0	0.491042573	0	0	0	0.511453062	0	0	0	0.607224135	0	0	0	0	0	0	0.328971774	0.511939222	0.107314651	0.107314651
Androgen_receptor_Pathway_Cell_Survival_._Cell_Growth	Androgen Receptor Pathway (Cell Survival & Cell Growth)	0	0	-0.618403283	0	0.495371695	-0.54007728	0.431636399	0.584268133	0	0	0.151985062	-0.046735945	-0.575672292	0	0	0.673358759	0.591843733	0.082841055	-0.192121212	0	1.303572028	-0.532678765	0.637765804	0.582019845	0.677346899	0	1.480013778	-0.508124855	0.740374816	-0.272434702	1.973502032	0	-0.025327222	0.356552338	0.548694431	0.322570783	0.322570783
GSK3_Pathway	GSK3 Main Pathway	-0.891078625	-2.80895399	-2.691950119	0.487471674	2.679290786	-0.35307422	-2.298140178	-1.382369185	-1.380323287	-0.752811209	0.248275024	-0.548269725	-0.314758246	1.855278658	0.565586591	0.187147606	2.717011233	0.348902754	-5.269544624	-2.80895399	1.102570959	-3.625591101	0.965336683	-0.168844172	-0.311293353	-3.851938909	-3.000347045	0.110922309	-0.618259066	0.397771826	-1.551659309	0.090847715	2.077868082	0.356552338	0.548694431	-0.856698463	0.856698463
TNF_p_Pathway	TNF (Positive) Main Pathway	0	-0.567338997	0.357837328	0	1.348610533	0	-0.492165217	-0.542197102	-0.487176546	0	0.070447956	1.091730105	0.559943747	0	0	0	0	-0.459303125	0.425837428	-0.567338997	0.695203528	-1.030178321	0.808464685	-0.0799434	0.949122662	-0.407386414	-0.390872613	0	0.126263889	-0.543055445	-0.603642421	0	-0.617928549	0.395522878	0.605302969	-0.13127408	0.13127408
GPCR_Pathway_Gene_Expression	GPCR Pathway (Gene expression)	0	-0.567338997	-0.260565955	0	1.843982228	0	-0.492165217	0.042071031	-0.487176546	0	0.981067657	0.500072964	-0.015728545	0	0	0	0	0.048675847	-0.776061569	-0.567338997	1.624097752	-1.562857086	0.198123787	0.447802795	0.192487179	-0.407386414	0.154258382	0	0.031190915	-0.64385709	-1.196454682	0	-0.522628005	0.415937626	0.633047926	-0.290402339	0.290402339
Spindle_assembly_and_chromosome_separation_effect	Cell Cycle Pathway (Metaphase-Anaphase)	0	0	0.548326932	0	-0.542757926	0	0	0	0	0	0.680506583	0	-0.535030355	0	0	0	0	0	0.590543049	0	-0.549802246	-0.472708002	-0.644929612	0	-0.08951623	0	-0.674515424	0	0.001386158	0	0.494462363	0.479986938	-0.556223174	0.447699072	0.677664716	-0.103145814	0.103145814
cAMP_Pathway	cAMP Main Pathway	2.647062972	-2.463924229	-5.804860439	8.981072038	5.049453527	5.311292775	-1.919054712	4.877962841	2.074663396	-0.845004897	-3.47922193	-5.950212718	-0.213907181	-0.759874144	-1.370265381	-2.192194835	-2.764598855	-1.790371675	-10.10475956	-2.463924229	5.185711498	-2.334427549	-1.031875681	6.957333785	2.164796125	-1.984101339	3.658277777	2.513617856	-0.68028223	4.584441091	-5.931194451	6.169746504	5.037339039	0.458584876	0.682946293	0.816712323	0.816712323
Growth_Hormone_Pathway_Gene_Expression	Growth Hormone Pathway (Gene expression)	0	-0.567338997	-0.474461596	0	0.889969979	-0.54007728	-0.492165217	-0.542197102	-0.487176546	0	0.563479801	0.544921196	0	0	0	0.673358759	0.591843733	-0.425137916	-0.449177605	-0.567338997	0.171666782	-0.462097316	0.155308909	-0.515314237	0.105703316	-0.407386414	-0.276022433	-0.508124855	-0.08833622	0.183744082	0.394451071	0	-0.617928549	0.458584876	0.682946293	-0.177335654	0.177335654
MAPK_Family_Pathway_Chromatin_Remodeling	MAPK Family Pathway (Chromatin Remodeling)	0	-0.567338997	-0.474461596	0	0.889969979	-0.54007728	-0.492165217	-0.542197102	-0.487176546	0	0.563479801	0.544921196	0	0	0	0.673358759	0.591843733	-0.425137916	-0.449177605	-0.567338997	0.171666782	-0.462097316	0.155308909	-0.515314237	0.105703316	-0.407386414	-0.276022433	-0.508124855	-0.08833622	0.183744082	0.394451071	0	-0.617928549	0.458584876	0.682946293	-0.177335654	0.177335654
p53_Signaling_m_Pathway	p53 Signaling (Negative) Main Pathway	0	-0.567338997	-0.474461596	0	2.242847156	0	-0.492165217	-0.542197102	-0.487176546	0	0.852673411	-0.482671554	0.998952876	-0.488771319	-0.332620305	-0.001228693	-0.45079703	-0.496628279	-0.237969017	-0.567338997	-0.406528419	0.229930244	0.485760359	-0.073984555	-0.208206185	-0.153289359	-0.568556274	0	-0.330664782	-0.543055445	-0.603642421	0	-1.701992037	0.503579103	0.745943377	-0.271881171	0.271881171
HIF1Alpha_Pathway_VEGF_pathway	HIF1Alpha Pathway (VEGF pathway)	0	0	0	0	0	0	0	0	0	0	0	0	0	0	0	0	0	0	0.464976784	0	0	0	0	0	0	0	0	0	0	0.593095012	0	0	0	0.51518117	0.751079916	0.07053812	0.07053812
NGF_m_Pathway	NGF (Negative) Main Pathway	0	0	0	0	0	0	0	0	0	0	-0.527665418	0.476531028	0.559943747	0	0	0	0	0	0.526862125	0	0.526597925	0	0	0	0.516110809	0	0	0	0	0	0	0	0	0.51518117	0.751079916	0.076370871	0.076370871
RANK_Signaling_in_Osteoclast_Pathway_IKBs_Degradation	RANK Signaling in Osteoclast Pathway (IKBs Degradation)	0	0	0.395153356	0	0.458640554	0	0	0	-0.412390191	0	-0.224966497	1.124537215	0	0	0	0	0	-0.459303125	0.389447222	0	0.866521341	-0.980471196	0.528692613	0.856472126	0.685900926	-0.412390191	0.316286666	0	0.23143801	0	-0.413155338	0	-0.412390191	0.51518117	0.751079916	0.061441726	0.061441726
AHR_Pathway_C_Myc_Expression	AHR Pathway (C-MycExpression) 	0	0	0	0	-0.606688786	0	0	0	0	0	0	0	0	0	0	0	0	0	0.464976784	0	0	0	0	0	0	0	0	0	0	0	0	0	0	0.562939272	0.797860274	0.064703385	0.064703385
AHR_Pathway_Cath_D_Expression	AHR Pathway (Cath-D Expression) 	0	0	0	0	-0.606688786	0	0	0	0	0	0	0	0	0	0	0	0	0	0.464976784	0	0	0	0	0	0	0	0	0	0	0	0	0	0	0.562939272	0.797860274	0.064703385	0.064703385
AHR_Pathway_PS2_Gene_Expression	AHR Pathway (PS2 Gene Expression) 	0	0	0	0	-0.606688786	0	0	0	0	0	0	0	0	0	0	0	0	0	0.464976784	0	0	0	0	0	0	0	0	0	0	0	0	0	0	0.562939272	0.797860274	0.064703385	0.064703385
AKT_Pathway_Caspase_Cascade	AKT Pathway (Caspase Cascade)	0	0	0	0	0.511352445	0	0	0	0	0.434278458	0	0	0	0	0	0	0	0	0	0	0	0	0	0	0	0	0	0	0	0	0	0	0	0.587593848	0.797860274	-0.05253505	0.05253505
AKT_Pathway_Cell_Cycle_Progression	AKT Pathway (Cell Cycle Progression)	0	0	0	0	0.511352445	0	0	0	0	0.434278458	0	0	0	0	0	0	0	0	0	0	0	0	0	0	0	0	0	0	0	0	0	0	0	0.587593848	0.797860274	-0.05253505	0.05253505
AKT_Pathway_Elevation_of_Glucose_Import	AKT Pathway (Elevation of Glucose Import)	0	0	0	0	0.511352445	0	0	0	0	0.434278458	0	0	0	0	0	0	0	0	0	0	0	0	0	0	0	0	0	0	0	0	0	0	0	0.587593848	0.797860274	-0.05253505	0.05253505
AKT_Pathway_ERK_Pathway	AKT Pathway (ERK Pathway)	0	0	0	0	0.511352445	0	0	0	0	0.434278458	0	0	0	0	0	0	0	0	0	0	0	0	0	0	0	0	0	0	0	0	0	0	0	0.587593848	0.797860274	-0.05253505	0.05253505
AKT_Pathway_Genetic_Stability	AKT Pathway (Genetic Stability)	0	0	0	0	0.511352445	0	0	0	0	0.434278458	0	0	0	0	0	0	0	0	0	0	0	0	0	0	0	0	0	0	0	0	0	0	0	0.587593848	0.797860274	-0.05253505	0.05253505
AKT_Pathway_JNK_Pathway	AKT Pathway (JNK Pathway)	0	0	0	0	0.511352445	0	0	0	0	0.434278458	0	0	0	0	0	0	0	0	0	0	0	0	0	0	0	0	0	0	0	0	0	0	0	0.587593848	0.797860274	-0.05253505	0.05253505
AKT_Pathway_Regeneration_of_Cyclic_Nucleotide	AKT Pathway (Regeneration of Cyclic Nucleotide)	0	0	0	0	0.511352445	0	0	0	0	0.434278458	0	0	0	0	0	0	0	0	0	0	0	0	0	0	0	0	0	0	0	0	0	0	0	0.587593848	0.797860274	-0.05253505	0.05253505
AKT_Pathway_Survival_Genes	AKT Pathway (Survival Genes)	0	0	0	0	0.511352445	0	0	0	0	0.434278458	0	0	0	0	0	0	0	0	0	0	0	0	0	0	0	0	0	0	0	0	0	0	0	0.587593848	0.797860274	-0.05253505	0.05253505
AKT_Pathway_Synaptic_Signaling	AKT Pathway (Synaptic Signaling)	0	0	0	0	0.511352445	0	0	0	0	0.434278458	0	0	0	0	0	0	0	0	0	0	0	0	0	0	0	0	0	0	0	0	0	0	0	0.587593848	0.797860274	-0.05253505	0.05253505
Glucocorticoid_Receptor_Pathway_Gene_Expression	Glucocorticoid Receptor Pathway (Gene expression)	1.055876498	0	0	0	-0.616058124	0	0.4929393	0.4929393	0.937621322	-0.102965413	-0.716408718	-0.525131917	-0.421395016	0.525746807	0	0	0	0	-0.768861117	0	0.410027473	-0.13721839	0.538562819	-0.148747637	-0.05007114	0.4929393	0.210155248	0	0.532165222	-0.081817821	0.36897939	0.478029019	0.759257312	0.587593848	0.797860274	0.111161976	0.111161976
NHEJ_mechanisms_of_DSBs_repair_effect	NHEJ mechanisms of DSBs repair effect	0	0	0	0	0.926469131	0	0	0	0	0	0	0	-0.53866502	0	0	0	0	0	0.798662509	0	0	0	0.710309155	0	-0.113793852	0	0.28781904	0	0.518615403	0	-0.535552253	0	0	0.562939272	0.797860274	0.089525994	0.089525994
Start_of_DNA_replication_in_early_S_phase_effect	Cell Cycle Pathway (Origin of S-phase)	0	-0.43575918	-0.692625234	-0.438130974	-1.082866223	0	0.497163368	0	-0.435526043	1.079807311	0.835156874	0.890659779	1.120292453	0.283149649	0.165176005	0.48184987	0	0.096400529	0.642060441	-0.43575918	-1.797295238	-0.671754643	-0.646126679	1.413007496	1.046876542	-0.578622111	0.869867486	0	-1.467841952	0.31375237	1.231353756	0	-0.235371254	0.625483594	0.845165636	-0.152431764	0.152431764
Notch_Pathway	Notch Main Pathway	-0.4929393	0	0.456412752	0	0.020321097	0	-0.4929393	-0.4929393	-0.4929393	0.149306209	-0.962149179	0	0	-0.414765078	0	0	0	-0.578558853	0	0	0.360300427	-0.441529713	0.693571167	-0.001230725	0.041476578	-0.4929393	-0.4929393	0	0.663724689	0.049371949	-0.615138974	-0.478029019	-0.495296596	0.638343592	0.858355219	0.102822204	0.102822204
Brca1_as_a_transcription_regulator_effect	DDR Pathway (BRCA1-induced responses)	0	0	0.696044176	-0.855374375	-1.254655224	-0.80142835	0	0	0	0	0.49364936	-0.439348969	0	0	0	0	0	0	0.878861495	0	0	-0.574089767	-0.427383718	0	-0.164511104	-0.507401603	0.623529017	0	0.825101369	0.527109811	-0.041368338	-0.512663253	0.409206539	0.664389443	0.889062202	0.189154551	0.189154551
Chemokine_Pathway	Chemokine Main Pathway	-1.309646987	-2.025969969	-3.689560457	1.426435445	3.788497311	0.70552296	-1.332874927	1.13492799	-0.487176546	1.487793472	0.709698256	-0.59434633	0.628933687	-1.267363287	-1.424486704	-0.027623288	-0.224329781	0.872225172	-3.480298887	-2.025969969	1.003037004	-1.159512518	-0.435685141	1.082260264	-0.263525906	-1.223742735	1.730502548	0	0.456678696	0.305809371	1.031094671	2.14970055	-0.06656702	0.70422135	0.93783324	0.030771172	0.030771172
Androgen_receptor_Pathway_Apoptosis	Androgen Receptor Pathway (Apoptosis)	0	0	0	0	0	0	0	0	0	0	0	0	0	0	0	0	0	0	0	0	0	0	0	0	0	0	0	0	0	0	0	0	0.621806848	0.74488162	0.955241707	0.04145379	0.04145379
HIF1Alpha_Pathway_Gene_Expression	HIF1Alpha Pathway (Gene expression)	0	0	0	0	0	0	0	0	0	0	0	0	0	0	0	0	0	0	0.464976784	0	0	0	0	0	0	0	0	0	0	0	0	0	0	0.74488162	0.955241707	0.030998452	0.030998452
HIF1Alpha_Pathway_NOS_pathway	HIF1Alpha Pathway (NOS pathway)	0	0	0	0	0	0	0	0	0	0	0	0	0	0	0	0	0	0	0.464976784	0	0	0	0	0	0	0	0	0	0	0	0	0	0	0.74488162	0.955241707	0.030998452	0.030998452
HIF1Alpha_Pathway_Pyruvate	HIF1Alpha Pathway (Pyruvate)	0	0	0	0	0	0	0	0	0	0	0	0	0	0	0	0	0	0	0.464976784	0	0	0	0	0	0	0	0	0	0	0	0	0	0	0.74488162	0.955241707	0.030998452	0.030998452
JAK_mStat_Pathway_Akt_Pathway	JAK mStat Pathway (Akt pathway)	-0.452321351	-0.418221195	0.016247354	0	-0.482377993	-0.471874831	0.06289997	-0.435855241	-0.452321351	0.483221711	-0.252249986	-0.902857262	-0.290692835	0.890147208	0.465331081	0.512058791	0.452515577	-0.042785887	-0.713164916	-0.418221195	0.436226331	-1.191859678	0.690901374	1.15559778	0.40305017	-0.46640037	-0.427446252	0	-0.006118755	0.882714709	-0.488357398	0	1.17755689	0.73124248	0.955241707	0.142250593	0.142250593
Mitochondrial_Apopotosis_m_Pathway_Apoptosis	Mitochondrial Apopotosis  Pathway (Apoptosis)	0	0	0	0	0	0	0	0	0	0	0	0	0	0	0	0	0	0	0	0	0	0	0	0	0	0	0	0	0.409084736	0	0	0	0	0.74488162	0.955241707	0.027272316	0.027272316
Mitochondrial_Apopotosis_m_Pathway_DNA_fragmentation	Mitochondrial Apopotosis  Pathway (DNA fragmentation)	0	0	0	0	0	0	0	0	0	0	0	0	0	0	0	0	0	0	0	0	0	0	0	0	0	0	0	0	0	0	0	0	-0.621806848	0.74488162	0.955241707	-0.04145379	0.04145379
NGF_m_Pathway_Apoptosis	NGF (Negative) Pathway (Apoptosis)	0	0	0	0	0	0	0	0	0	0	0	0	0	0	0	0	0	0	0.526862125	0	0	0	0	0	0	0	0	0	0	0	0	0	0	0.74488162	0.955241707	0.035124142	0.035124142
MAPK_Signaling_Pathway_Gene_Expression	MAPK Signaling Pathway (Gene Expression)	0	0	-0.967010932	0	0.753466646	-0.54007728	0	0.044059563	0	0.045801939	-0.451306854	-2.01465149	0.067554152	0.005150083	-0.400896547	0.673358759	-0.052356037	0.29049291	-3.76433527	0	0.989281655	-0.961263897	0.133237444	0.738574058	-0.859490053	0	0.302708043	-0.508124855	-0.453489766	-0.915245441	-0.383982416	0	0.834478886	0.758601223	0.968352713	-0.181709269	0.181709269
DNA_damage_induced_apoptosis_effect	DDR pathway Apoptosis	0	0	0	0	0.511352445	0	0	0	0	0	0	0	0	0	0	0	0	0	0	0	0	0	0	0	0	0	0	0	0	0	0	0	0	0.786265613	0.976661771	-0.028408469	0.028408469
DNA_damage_induced_responses_effect	DDR Main pathway	0	0	0	0	0.511352445	0	0	0	0	0	0	0	0	0	0	0	0	0	0	0	0	0	0	0	0	0	0	0	0	0	0	0	0	0.786265613	0.976661771	-0.028408469	0.028408469
Growth_Hormone_Pathway_Cell_survival	Growth Hormone Pathway (Cell survival)	0	0	0	0	0	0	0	0	0	0.434278458	0	0	0	0	0	0	0	0	0	0	0	0	0	0	0	0	0	0	0	0	0	0	0	0.786265613	0.976661771	-0.024126581	0.024126581
IGF1R_Signaling_Pathway_Glycogen_Synthesis	IGF1R Signaling Pathway (Glycogen synthesis)	0	0	0	0	0	0	0	0	0	0.434278458	0	0	0	0	0	0	0	0	0	0	0	0	0	0	0	0	0	0	0	0	0	0	0	0.786265613	0.976661771	-0.024126581	0.024126581
IGF1R_Signaling_Pathway_Protein_Synthesis	IGF1R Signaling Pathway (Protein synthesis)	0	0	0	0	0	0	0	0	0	0.434278458	0	0	0	0	0	0	0	0	0	0	0	0	0	0	0	0	0	0	0	0	0	0	0	0.786265613	0.976661771	-0.024126581	0.024126581
mTOR_Pathway_Akt_signaling	mTOR Pathway (Akt signaling)	0	0	0	0	0	0	0	0	0	0.434278458	0	0	0	0	0	0	0	0	0	0	0	0	0	0	0	0	0	0	0	0	0	0	0	0.786265613	0.976661771	-0.024126581	0.024126581
AKT_Pathway_Blocks_Apoptosis	AKT Pathway (Blocks Apoptosis)	0	0	0	0	-0.511352445	0	0	0	0	0.434278458	0	0	0	0	0	0	0	0	0	0	0	0	0	0	0	0	0	0	0	0	0	0	0	1	1	0.004281888	0.004281888
AKT_Pathway_Cell_Cycle	AKT Pathway (Cell Cycle)	0	0	0	0	0	0	0	0	0	0	0	0	0	0	0	0	0	0	0	0	0	0	0	0	0	0	0	0	0	0	0	0	0	1	1	0	0
AKT_Pathway_Glycogen_Synthesis	AKT Pathway (Glycogen Synthesis)	0	0	0	0	0	0	0	0	0	0	0	0	0	0	0	0	0	0	0	0	0	0	0	0	0	0	0	0	0	0	0	0	0	1	1	0	0
AKT_Pathway_p53_Degradation	AKT Pathway (p53 Degradation)	0	0	0	0	0	0	0	0	0	0	0	0	0	0	0	0	0	0	0	0	0	0	0	0	0	0	0	0	0	0	0	0	0	1	1	0	0
AKT_Pathway_Protein_Synthesis	AKT Pathway (Protein Synthesis)	0	0	0	0	0	0	0	0	0	0	0	0	0	0	0	0	0	0	0	0	0	0	0	0	0	0	0	0	0	0	0	0	0	1	1	0	0
AKT_Pathway_Translation	AKT Pathway (Translation)	0	0	0	0	0	0	0	0	0	0	0	0	0	0	0	0	0	0	0	0	0	0	0	0	0	0	0	0	0	0	0	0	0	1	1	0	0
ATM_Pathway_Apoptosis	ATM Pathway (Apoptosis)	0	0	0	0	0	0	0	0	0	0	0	0	0	0	0	0	0	0	0	0	0	0	0	0	0	0	0	0	0	0	0	0	0	1	1	0	0
ATM_Pathway_G2_Mitosis_Progression	ATM Pathway (G2 Mitosis Progression)	0	0	0	0	0	0	0	0	0	0	0	0	0	0	0	0	0	0	0	0	0	0	0	0	0	0	0	0	0	0	0	0	0	1	1	0	0
ATM_Pathway_G2.M_Checkpoint_Arrest	ATM Pathway (G2_M Checkpoint Arrest)	0	0	0	0	0	0	0	0	0	0	0	0	0	0	0	0	0	0	0	0	0	0	0	0	0	0	0	0	0	0	0	0	0	1	1	0	0
ATM_Pathway_MDMX_Ubiquitination_._Degradation	ATM Pathway (MDMX Ubiquitination_ Degradation)	0	0	0	0	0	0	0	0	0	0	0	0	0	0	0	0	0	0	0	0	0	0	0	0	0	0	0	0	0	0	0	0	0	1	1	0	0
cAMP_Pathway_Metabolic_Energy	cAMP Pathway (Metabolic Energy)	0	0	0	0	0	0	0	0	0	0	0	0	0	0	0	0	0	0	0	0	0	0	0	0	0	0	0	0	0	0	0	0	0	1	1	0	0
Cellular_Anti_Apoptosis_Pathway_Depolarization	Cellular Anti Apoptosis Pathway (Depolarization)	0	0	0	0	0	0	0	0	0	0	0	0	0	0	0	0	0	0	0	0	0	0	0	0	0	0	0	0	0	0	0	0	0	1	1	0	0
Chemokine_Pathway_Cell_Activation	Chemokine Pathway (Cell Activation)	0	-0.567338997	-0.474461596	0.714792343	1.715560069	0	-0.492165217	-0.542197102	-0.487176546	0	1.32211444	-0.489877191	-0.469816652	-0.414806736	-0.469816652	-0.988148337	-0.484917465	-0.469816652	0.433797231	-0.567338997	0.667886553	0.028864985	0.143752121	-0.515314237	-0.667564239	-0.407386414	0.80913919	0	-0.550651158	-0.023753136	-0.603642421	0.767141785	-0.617928549	0.885010665	1	0.070804197	0.070804197
Chemokine_Pathway_Gene_Expression_._Apoptosis	Chemokine Pathway (Gene Expression_ Apoptosis)	0	-0.567338997	-0.474461596	0	1.689936886	0	-0.492165217	-0.542197102	-0.487176546	0	0.315872084	0.987008842	0.828881879	-0.416538395	-0.545898655	0	0	-0.416538395	-1.202467914	-0.567338997	0.052466366	0.05018447	0.007168811	0.319468385	0.866597794	-0.407386414	-0.427550323	0	0.14866727	-0.543055445	-0.603642421	0	0.790969416	0.842377799	1	-0.094360422	0.094360422
Circadian_Pathway	Circadian Main Pathway	0	0	0	0	0	0	0	0	0	0	0	0	0	0	0	0	0	0	0	0	0	0	0	0	0	0	0	0	0	0	0	0	0	1	1	0	0
Cytokine_Network_Pathway	Cytokine Main Pathway	0	0	0	0	0	0	0	0	0	0	0	0	0	0	0	0	0	0	0	0	0	0	0	0	0	0	0	0	0	0	0	0	0	1	1	0	0
Glucocorticoid_Receptor_Pathway_Cell_Cycle_Arrest	Glucocorticoid Receptor Pathway (Cell cycle arrest)	0	0	0	0	0	0	0	0	0	0	0	0	0	0	0	0	0	0	0	0	0	0	0	0	0	0	0	0	0	0	0	0	0	1	1	0	0
Glucocorticoid_Receptor_Pathway_Cell_cycle_progression	Glucocorticoid Receptor Pathway (Cell cycle progression)	0	0	0	0	0	0	0	0	0	0	0	0	0	0	0	0	0	0	0	0	0	0	0	0	0	0	0	0	0	0	0	0	0	1	1	0	0
Growth_Hormone_Pathway_Protein_Synthesis	Growth Hormone Pathway (Protein synthesis)	0	0	0	0	0	0	0	0	0	0	0	0	0	0	0	0	0	0	0	0	0	0	0	0	0	0	0	0	0	0	0	0	0	1	1	0	0
GSK3_Pathway_Gene_Expression	GSK3 Pathway (Gene expression)	0	0	0	0	0	0	0	0	0	0	0	0	0	0	0	0	0	0	0	0	0	0	0	0	0	0	0	0	0	0	0	0	0	1	1	0	0
GSK3_Pathway_Translation	GSK3 Pathway (Translation)	0	0	0	0	0	0	0	0	0	0	0	0	0	0	0	0	0	0	0	0	0	0	0	0	0	0	0	0	0	0	0	0	0	1	1	0	0
HGF_Pathway_Anoikis	HGF Pathway (Anoikis)	0	0	0	0	0	0	0	0	0	0	0	0	0	0	0	0	0	0	0	0	0	0	0	0	0	0	0	0	0	0	0	0	0	1	1	0	0
HGF_Pathway_Cell_cycle_progression	HGF Pathway (Cell cycle progression)	0	0	0	0	0	0	0	0	0	0	0	0	0	0	0	0	0	0	0	0	0	0	0	0	0	0	0	0	0	0	0	0	0	1	1	0	0
HGF_Pathway_Cell_scattering	HGF Pathway (Cell scattering)	0	0	0	0	0	0	0	0	0	0	0	0	0	0	0	0	0	0	0	0	0	0	0	0	0	0	0	0	0	0	0	0	0	1	1	0	0
HGF_Pathway_Cell_survival	HGF Pathway (Cell survival)	0	0	0	0	0	0	0	0	0	0	0	0	0	0	0	0	0	0	0	0	0	0	0	0	0	0	0	0	0	0	0	0	0	1	1	0	0
HGF_Pathway_IP3_pathway	HGF Pathway (IP3 pathway)	0	0	0	0	0	0	0	0	0	0	0	0	0	0	0	0	0	0	0	0	0	0	0	0	0	0	0	0	0	0	0	0	0	1	1	0	0
HGF_Pathway_PKC_pathway	HGF Pathway (PKC pathway)	0	0	0	0	0	0	0	0	0	0	0	0	0	0	0	0	0	0	0	0	0	0	0	0	0	0	0	0	0	0	0	0	0	1	1	0	0
HIF1Alpha_Pathway_HIF1alpha_degradation	HIF1Alpha Pathway (HIF1alpha degradation)	0	0	0	0	0	0	0	0	0	0	0	0	0	0	0	0	0	0	0	0	0	0	0	0	0	0	0	0	0	0	0	0	0	1	1	0	0
HIF1Alpha_Pathway_p53_Hypoxia_pathway	HIF1Alpha Pathway (p53 Hypoxia pathway)	0	0	0	0	0	0	0	0	0	0	0	0	0	0	0	0	0	0	0	0	0	0	0	0	0	0	0	0	0	0	0	0	0	1	1	0	0
Hypoxia_induced_EMT_in_cancer_and_fibrosis_3	Hypoxia pathway EMT 1	0	0	0	0	0	0	0	0	0	0	0	0	0	0	0	0	0	0	0	0	0	0	0	0	0	0	0	0	0	0	0	0	0	1	1	0	0
Hypoxia_induced_EMT_in_cancer_and_fibrosis_4	Hypoxia pathway EMT 2	0	0	0	0	0	0	0	0	0	0	0	0	0	0	0	0	0	0	0	0	0	0	0	0	0	0	0	0	0	0	0	0	0	1	1	0	0
Hypoxia_induced_EMT_in_cancer_and_fibrosis_5	Hypoxia pathway EMT 3	0	0	0	0	0	0	0	0	0	0	0	0	0	0	0	0	0	0	0	0	0	0	0	0	0	0	0	0	0	0	0	0	0	1	1	0	0
Hypoxia_induced_EMT_in_cancer_and_fibrosis_6	Hypoxia pathway EMT 4	0	0	0	0	0	0	0	0	0	0	0	0	0	0	0	0	0	0	0	0	0	0	0	0	0	0	0	0	0	0	0	0	0	1	1	0	0
IGF1R_Signaling_Pathway_Glucose_Uptake	IGF1R Signaling Pathway (Glucose uptake)	0	0	0	0	0	0	0	0	0	0	0	0	0	0	0	0	0	0	0	0	0	0	0	0	0	0	0	0	0	0	0	0	0	1	1	0	0
IL_2_Pathway_Apoptosis	IL-2 Pathway (Apoptosis)	0	0	0	0	0	0	0	0	0	0	0	0	0	0	0	0	0	0	0	0	0	0	0	0	0	0	0	0	0	0	0	0	0	1	1	0	0
IL_2_Pathway_Apoptosis_Inhibition	IL-2 Pathway (Apoptosis inhibition)	0	0	0	0	0	0	0	0	0	0	0	0	0	0	0	0	0	0	0	0	0	0	0	0	0	0	0	0	0	0	0	0	0	1	1	0	0
Interactions_Report	Interactions Report	0	0	0	0	0	0	0	0	0	0	0	0	0	0	0	0	0	0	0	0	0	0	0	0	0	0	0	0	0	0	0	0	0	1	1	0	0
Interferon_Pathway_Transcription	Interferon Pathway (Transcription)	0	0	0	0	0	0	0	0	0	0	0	0	0	0	0	0	0	0	0	0	0	0	0	0	0	0	0	0	0	0	0	0	0	1	1	0	0
Interferon_Pathway_Translation	Interferon Pathway (Translation)	0	0	0	0	0	0	0	0	0	0	0	0	0	0	0	0	0	0	0	0	0	0	0	0	0	0	0	0	0	0	0	0	0	1	1	0	0
JNK_Pathway_Apoptosis_Inflammation_Tumorogenesis_Cell_Migration	JNK Pathway (Apoptosis_ Inflammation_ Tumorigenesis_ Cell Migration)	0	0	0.254903079	-0.427164168	0.202122828	0	0	-0.445451574	0	-0.493996244	0.163188046	-2.056587631	0.500164734	-0.430814764	-0.400896547	0	0	0	-2.929065758	0	1.036609124	-0.451626341	1.222738329	0.738574058	-0.733908127	0	1.214898775	0	-0.062569191	-1.081082567	-0.948690816	0	1.793733701	0.828262541	1	0.160781426	0.160781426
MAPK_Family_Pathway_Translation	MAPK Family Pathway (Translation)	0	0	0	0	0	0	0	0	0	0	0	0	0	0	0	0	0	0	0	0	0	0	0	0	0	0	0	0	0	0	0	0	0	1	1	0	0
Mismatch_repair_effect	DDR pathway (MMR)	0	0	0	0	0	0	0	0	0	0	0	0	0	0	0	0	0	0	0	0	0	0	0	0	0	0	0	0	0	0	0	0	0	1	1	0	0
Mismatch_Repair_Pathway	Mismatch Repair Main Pathway	0	0	0	0	0	0	0	0	0	0	0	0	0	0	0	0	0	0	0	0	0	0	0	0	0	0	0	0	0	0	0	0	0	1	1	0	0
Mitochondrial_Apopotosis_m_Pathway_Depolarization	Mitochondrial Apopotosis  Pathway (Depolarization)	0	0	0	0	0	0	0	0	0	0	0	0	0	0	0	0	0	0	0	0	0	0	0	0	0	0	0	0	0	0	0	0	0	1	1	0	0
Mitochondrial_Apopotosis_m_Pathway_Gene_expression	Mitochondrial Apopotosis  Pathway (Gene expression)	0	0	0	0	0	0	0	0	0	0	0	0	0	0	0	0	0	0	0	0	0	0	0	0	0	0	0	0	0	0	0	0	0	1	1	0	0
mTOR_Pathway_Scanning	mTOR Pathway (Scanning)	0	0	0	0	0	0	0	0	0	0	0	0.428252532	0	0	0	0	0	0	0	0	0	0.496669699	0	0	0	0	0	0	0	0	0	0	0	0.942355085	1	0.009319506	0.009319506
mTOR_Pathway_Translation_on	mTOR Pathway (Translation on)	0	0	0	0	0	0	0	0	0	0	0	0.428252532	0	0	0	0	0	0	0	0	0	0.496669699	0	0	0	0	0	0	0	0	0	0	0	0.942355085	1	0.009319506	0.009319506
mTOR_Pathway_VEGF_pathway	mTOR Pathway (VEGF pathway)	0	0	0	0	0	0	0	0	0	0	0	0	0	0	0	0	0	0	0	0	0	0	0	0	0	0	0	0	0	0	0	0	0	1	1	0	0
VEGF_Pathway_Nitric_Oxide_Prodaction	VEGF Pathway (Nitric Oxide Production)	0	0	0	0	0	0	0	0	0	0	0	0	0	0	0	0	0	0	0	0	0	0	0	0	0	0	0	0	0	0	0	0	0	1	1	0	0
z_klotho_Calcium_Reabsorption	Unknown	0	0	0	0	0	0	0	0	0	0	0	0	0	0	0	0	0	0	0	0	0	0	0	0	0	0	0	0	0	0	0	0	0	1	1	0	0
z_klotho_core	Unknown	0	0	0	0	0	0	0	0	0	0	0	0	0	0	0	0	0	0	0	0	0	0	0	0	0	0	0	0	0	0	0	0	0	1	1	0	0
z_klotho_FGF_Pathway	Unknown	0	0	0	0	0	0	0	0	0	0	0	0	0	0	0	0	0	0	0	0	0	0	0	0	0	0	0	0	0	0	0	0	0	1	1	0	0
z_klotho_IGF_Pathway	Unknown	0	0	0	0	0	0	0	0	0	0	0	0	0	0	0	0	0	0	0	0	0	0	0	0	0	0	0	0	0	0	0	0	0	1	1	0	0
z_klotho_Wnt_Pathway	Unknown	0	0	0	0	0	0	0	0	0	0	0	0	0	0	0	0	0	0	0	0	0	0	0	0	0	0	0	0	0	0	0	0	0	1	1	0	0